[-29.410366036065074, -47.58568112009218]
Solutions found by the NSGA2 for conditions below:
18
0


[-11.532536891412441, 8.378725603090444, 0.0, 0.006639097988359729, 0.014984636590692983, 0.320116712768041, 0.10539216960730916, -0.5213749886651099, 0.0027610141517331334, 0.036532584537167574, -0.008706794394480912, 3.347320829025018]
Thrust_0: -28.70015230909947
Thrust_1: -82.52662398426259

[-9.55322799133167, 8.426134628258604, 0.0, 0.0051457817023786954, 0.012213552384499744, 0.33781930163309787, 0.08304235558800764, -0.6171365910842614, 0.0028634132454382027, 0.05006420507848197, -0.010894018606407471, 2.798548000233183]
Thrust_0: -33.25416268043029
Thrust_1: -47.79421479336991

[-8.523141302410687, 8.093741618263419, 0.0, 0.006667149807598027, 0.015458260019856323, 0.34145571308648837, 0.10539216960730916, -0.5213749886651099, 0.0027610141517331334, 0.036532584537167574, -0.008706794394480912, 3.347320829025018]
Thrust_0: -30.172879254740945
Thrust_1: -74.79334335669758

[-11.779592102326063, 8.378725603090444, 0.0, 0.00567644604246864, 0.013456766307457065, 0.320116712768041, 0.09250442291181327, -0.6608612874661592, 0.0028634132454382027, 0.05006420507848197, -0.010894018606407471, 2.7851803374110147]
Thrust_0: -31.314881496262174
Thrust_1: -68.23558901176976

[-8.345706412061455, 8.378725603090444, 0.0, 0.00567644604246864, 0.016011283666865623, 0.320116712768041, 0.09895163986077266, -0.5618622755280914, 0.0027610141517331334, 0.036532584537167574, -0.008706794394480912, 3.347320829025018]
Thrust_0: -29.029083278145894
Thrust_1: -78.25887505768418

[-11.532536891412441, 8.667306273888638, 0.0, 0.00567644604246864, 0.014984636590692983, 0.33781930163309787, 0.09895163986077266, -0.5213749886651099, 0.0027610141517331334, 0.036532584537167574, -0.008706794394480912, 3.347320829025018]
Thrust_0: -29.496517631515207
Thrust_1: -74.94761720280484

[-11.532536891412441, 8.667306273888638, 0.0, 0.006639097988359729, 0.014845022129443986, 0.320116712768041, 0.09844827553119775, -0.5618622755280914, 0.0027610141517331334, 0.036532584537167574, -0.008706794394480912, 3.347320829025018]
Thrust_0: -28.870554060499455
Thrust_1: -79.69190413073503

[-10.253931271958315, 7.292968847357807, 0.0, 0.0061829490639174565, 0.016011283666865623, 0.320116712768041, 0.09250442291181327, -0.6608612874661592, 0.0028634132454382027, 0.05006420507848197, -0.010894018606407471, 2.7851803374110147]
Thrust_0: -32.21489637843599
Thrust_1: -49.23673755850036

[-11.532536891412441, 8.378725603090444, 0.0, 0.0061829490639174565, 0.016011283666865623, 0.320116712768041, 0.10539216960730916, -0.5213749886651099, 0.0027610141517331334, 0.036532584537167574, -0.008706794394480912, 3.347320829025018]
Thrust_0: -28.716290390727607
Thrust_1: -80.42211658673092

[-8.581136489955838, 5.8492382743944065, 0.0, 0.00567644604246864, 0.013456766307457065, 0.35002234640836083, 0.09250442291181327, -0.6171365910842614, 0.0028634132454382027, 0.05006420507848197, -0.010894018606407471, 2.7851803374110147]
Thrust_0: -32.40056950841962
Thrust_1: -47.91507294040825

[-11.532536891412441, 8.667306273888638, 0.0, 0.006639097988359729, 0.015458260019856323, 0.320116712768041, 0.10539216960730916, -0.5213749886651099, 0.0027610141517331334, 0.036532584537167574, -0.008706794394480912, 3.347320829025018]
Thrust_0: -28.71081655381061
Thrust_1: -81.97859341915115

[-9.55322799133167, 8.426134628258604, 0.0, 0.0051457817023786954, 0.012213552384499744, 0.320116712768041, 0.09250442291181327, -0.6608612874661592, 0.0028634132454382027, 0.05006420507848197, -0.010894018606407471, 2.7851803374110147]
Thrust_0: -32.29563570742897
Thrust_1: -48.19327706236063

[-10.253931271958315, 8.378725603090444, 0.0, 0.0061829490639174565, 0.016011283666865623, 0.320116712768041, 0.09250442291181327, -0.6608612874661592, 0.0028634132454382027, 0.05006420507848197, -0.010894018606407471, 2.7851803374110147]
Thrust_0: -32.21670878975553
Thrust_1: -49.04579713772993

[-8.916621294758032, 8.378725603090444, 0.0, 0.00567644604246864, 0.01483143949430954, 0.320116712768041, 0.09250442291181327, -0.6608612874661592, 0.0028634132454382027, 0.05006420507848197, -0.010894018606407471, 2.7851803374110147]
Thrust_0: -32.26409539888828
Thrust_1: -48.66334465784349

[-9.608667621316147, 8.417952386334605, 0.0, 0.004934498544384512, 0.015333141262859019, 0.320116712768041, 0.09250442291181327, -0.6608612874661592, 0.0028634132454382027, 0.05006420507848197, -0.010894018606407471, 2.7851803374110147]
Thrust_0: -32.255509796370525
Thrust_1: -48.7984376310777

[-8.916621294758032, 8.378725603090444, 0.0, 0.00567644604246864, 0.014520186018181166, 0.320116712768041, 0.09250442291181327, -0.6608612874661592, 0.0028634132454382027, 0.05006420507848197, -0.010894018606407471, 2.7851803374110147]
Thrust_0: -32.27131525092241
Thrust_1: -48.553153173211996

[-8.778899051866315, 8.378725603090444, 0.0, 0.005286240628034696, 0.013456766307457065, 0.320116712768041, 0.09250442291181327, -0.6608612874661592, 0.0028634132454382027, 0.05006420507848197, -0.010894018606407471, 2.7851803374110147]
Thrust_0: -32.286181974289974
Thrust_1: -48.519286679927966

[-8.778899051866315, 8.378725603090444, 0.0, 0.0071902691578109995, 0.016011283666865623, 0.320116712768041, 0.09250442291181327, -0.6608612874661592, 0.0028634132454382027, 0.05006420507848197, -0.010894018606407471, 2.7851803374110147]
Thrust_0: -32.24648799981476
Thrust_1: -48.95897577976181

[-8.916621294758032, 8.378725603090444, 0.0, 0.0071902691578109995, 0.016011283666865623, 0.320116712768041, 0.09250442291181327, -0.6608612874661592, 0.0028634132454382027, 0.05006420507848197, -0.010894018606407471, 2.7851803374110147]
Thrust_0: -32.24399213647283
Thrust_1: -49.00450757101999

[-10.253931271958315, 7.292968847357807, 0.0, 0.005777559331906389, 0.016011283666865623, 0.320116712768041, 0.09250442291181327, -0.6608612874661592, 0.0028634132454382027, 0.05006420507848197, -0.010894018606407471, 2.7851803374110147]
Thrust_0: -32.22011451259142
Thrust_1: -49.00555905220492

[-9.608667621316147, 8.378725603090444, 0.0, 0.004909404968530932, 0.01483143949430954, 0.320116712768041, 0.09250442291181327, -0.6608612874661592, 0.0028634132454382027, 0.05006420507848197, -0.010894018606407471, 2.7851803374110147]
Thrust_0: -32.265724765722304
Thrust_1: -48.62809664694686

[-8.890688686867687, 8.378725603090444, 0.0, 0.005344841310558112, 0.013188795971097858, 0.320116712768041, 0.09250442291181327, -0.6608612874661592, 0.0028634132454382027, 0.05006420507848197, -0.010894018606407471, 2.7851803374110147]
Thrust_0: -32.29118005011185
Thrust_1: -48.43934229866019

[-8.034201593985907, 8.378725603090444, 0.0, 0.004909404968530932, 0.01483143949430954, 0.31590558562906007, 0.09250442291181327, -0.6608612874661592, 0.0028634132454382027, 0.05006420507848197, -0.010894018606407471, 2.7851803374110147]
Thrust_0: -32.25090033394316
Thrust_1: -48.9258246513759

[-8.890688686867687, 8.378725603090444, 0.0, 0.005344841310558112, 0.013268336483103892, 0.320116712768041, 0.09250442291181327, -0.6608612874661592, 0.0028634132454382027, 0.05006420507848197, -0.010894018606407471, 2.7851803374110147]
Thrust_0: -32.289496435960004
Thrust_1: -48.46227398202067

[-9.608667621316147, 8.378725603090444, 0.0, 0.004934498544384512, 0.015333141262859019, 0.320116712768041, 0.09250442291181327, -0.6608612874661592, 0.0028634132454382027, 0.05006420507848197, -0.010894018606407471, 2.7851803374110147]
Thrust_0: -32.25359059316406
Thrust_1: -48.802344706421685

