Solutions found by the GA for conditions below:
10

[-10.560853805984525, 10.223514916135459, 0.0, 0.0035408855059802817, 0.011082979075556972, 0.35591604103393554, 0.08344818822405617, -0.5838943865339545, 0.004126773127676086, 0.04397872032389048, -0.012048089892732403, 3.7305129574092617]
Thrust: -48.480587135528275

[-10.560853805984525, 10.066715889908965, 0.0, 0.0041575102103073094, 0.011082979075556972, 0.35591604103393554, 0.08157573635923943, -0.5838943865339545, 0.004126773127676086, 0.04397872032389048, -0.012048089892732403, 3.7305129574092617]
Thrust: -48.46620710293298

[-10.560853805984525, 10.310090898217723, 0.0, 0.0035408855059802817, 0.011082979075556972, 0.35591604103393554, 0.08344818822405617, -0.5838943865339545, 0.004126773127676086, 0.04397872032389048, -0.012048089892732403, 3.7305129574092617]
Thrust: -48.43697334136042

[-10.560853805984525, 10.066715889908965, 0.0, 0.0035408855059802817, 0.011082979075556972, 0.35591604103393554, 0.08344818822405617, -0.5838943865339545, 0.004126773127676086, 0.04397872032389048, -0.012048089892732403, 3.7305129574092617]
Thrust: -48.43346221997145

[-10.560853805984525, 9.572074267132662, 0.0, 0.005308427423831974, 0.011082979075556972, 0.35591604103393554, 0.08344818822405617, -0.5838943865339545, 0.004126773127676086, 0.04397872032389048, -0.012048089892732403, 3.7305129574092617]
Thrust: -48.429323471760775

[-10.560853805984525, 10.066715889908965, 0.0, 0.005915745717483755, 0.011082979075556972, 0.35591604103393554, 0.08344818822405617, -0.5838943865339545, 0.004126773127676086, 0.04397872032389048, -0.012048089892732403, 3.7305129574092617]
Thrust: -48.42412201264996

[-10.560853805984525, 10.692691805441973, 0.0, 0.00347104658264647, 0.011082979075556972, 0.35591604103393554, 0.08344818822405617, -0.5838943865339545, 0.004126773127676086, 0.04397872032389048, -0.012048089892732403, 3.7305129574092617]
Thrust: -48.420699536068774

[-10.560853805984525, 10.066715889908965, 0.0, 0.003659128610282085, 0.011249833043922942, 0.35591604103393554, 0.08344818822405617, -0.5838943865339545, 0.004126773127676086, 0.04397872032389048, -0.012048089892732403, 3.7305129574092617]
Thrust: -48.41921735859664

[-10.560853805984525, 10.223514916135459, 0.0, 0.0041575102103073094, 0.011323369414228132, 0.35591604103393554, 0.08344818822405617, -0.5838943865339545, 0.004126773127676086, 0.04397872032389048, -0.012048089892732403, 3.7305129574092617]
Thrust: -48.416719226169086

[-10.560853805984525, 9.777208570785453, 0.0, 0.003659128610282085, 0.011082979075556972, 0.35591604103393554, 0.08344818822405617, -0.5838943865339545, 0.004126773127676086, 0.04397872032389048, -0.012048089892732403, 3.7305129574092617]
Thrust: -48.4146302330522

[-10.560853805984525, 9.580586793812202, 0.0, 0.003659128610282085, 0.011082979075556972, 0.35591604103393554, 0.08344818822405617, -0.5838943865339545, 0.004126773127676086, 0.04397872032389048, -0.012048089892732403, 3.7305129574092617]
Thrust: -48.41210382467814

[-10.560853805984525, 10.066715889908965, 0.0, 0.003659128610282085, 0.010440824786164819, 0.35591604103393554, 0.08344818822405617, -0.5838943865339545, 0.004126773127676086, 0.04397872032389048, -0.012048089892732403, 3.7305129574092617]
Thrust: -48.412051583404704

[-10.560853805984525, 10.066715889908965, 0.0, 0.00347104658264647, 0.011082979075556972, 0.35591604103393554, 0.08344818822405617, -0.5838943865339545, 0.004126773127676086, 0.04397872032389048, -0.012048089892732403, 3.7305129574092617]
Thrust: -48.40925807924954

[-10.560853805984525, 9.777208570785453, 0.0, 0.0035408855059802817, 0.011082979075556972, 0.35591604103393554, 0.08344818822405617, -0.5838943865339545, 0.004126773127676086, 0.04397872032389048, -0.012048089892732403, 3.7305129574092617]
Thrust: -48.40605969342727

[-10.560853805984525, 10.223514916135459, 0.0, 0.00347104658264647, 0.011082979075556972, 0.35591604103393554, 0.08344818822405617, -0.5838943865339545, 0.004126773127676086, 0.04397872032389048, -0.012048089892732403, 3.7305129574092617]
Thrust: -48.40589123563116

[-10.560853805984525, 10.066715889908965, 0.0, 0.003975372066760613, 0.011082979075556972, 0.35591604103393554, 0.08344818822405617, -0.5838943865339545, 0.004126773127676086, 0.04397872032389048, -0.012048089892732403, 3.7305129574092617]
Thrust: -48.40517928638205

[-10.560853805984525, 10.066715889908965, 0.0, 0.00347104658264647, 0.010440824786164819, 0.35591604103393554, 0.08344818822405617, -0.5838943865339545, 0.004126773127676086, 0.04397872032389048, -0.012048089892732403, 3.7305129574092617]
Thrust: -48.40413077978151

[-10.560853805984525, 9.777208570785453, 0.0, 0.0041575102103073094, 0.011082979075556972, 0.35591604103393554, 0.08344818822405617, -0.5838943865339545, 0.004126773127676086, 0.04397872032389048, -0.012048089892732403, 3.7305129574092617]
Thrust: -48.401727635150564

[-10.560853805984525, 9.572074267132662, 0.0, 0.003975372066760613, 0.011082979075556972, 0.35591604103393554, 0.08344818822405617, -0.5838943865339545, 0.004126773127676086, 0.04397872032389048, -0.012048089892732403, 3.7305129574092617]
Thrust: -48.40169809360657

[-10.560853805984525, 10.066715889908965, 0.0, 0.0041575102103073094, 0.011323369414228132, 0.35591604103393554, 0.08344818822405617, -0.5838943865339545, 0.004126773127676086, 0.04397872032389048, -0.012048089892732403, 3.7305129574092617]
Thrust: -48.40093057375656

[-10.560853805984525, 9.572074267132662, 0.0, 0.0035408855059802817, 0.011082979075556972, 0.35591604103393554, 0.08344818822405617, -0.5838943865339545, 0.004126773127676086, 0.04397872032389048, -0.012048089892732403, 3.7305129574092617]
Thrust: -48.40077245258972

[-10.560853805984525, 9.580586793812202, 0.0, 0.0035408855059802817, 0.011082979075556972, 0.35591604103393554, 0.08344818822405617, -0.5838943865339545, 0.004126773127676086, 0.04397872032389048, -0.012048089892732403, 3.7305129574092617]
Thrust: -48.40076959327811

[-10.560853805984525, 10.066715889908965, 0.0, 0.004279439599918044, 0.011082979075556972, 0.35591604103393554, 0.08344818822405617, -0.5838943865339545, 0.004126773127676086, 0.04397872032389048, -0.012048089892732403, 3.7305129574092617]
Thrust: -48.39784791496147

[-10.560853805984525, 10.223514916135459, 0.0, 0.003659128610282085, 0.011082979075556972, 0.35591604103393554, 0.08344818822405617, -0.5838943865339545, 0.004126773127676086, 0.04397872032389048, -0.012048089892732403, 3.7305129574092617]
Thrust: -48.39744369444253

[-10.526484051521404, 9.572074267132662, 0.0, 0.003659128610282085, 0.011082979075556972, 0.35591604103393554, 0.08344818822405617, -0.5838943865339545, 0.004126773127676086, 0.04397872032389048, -0.012048089892732403, 3.7305129574092617]
Thrust: -48.39496902889905

