Solutions found by the GA for conditions below:
10

[-8.957879802642104, 8.103461187641058, 0.0, 0.003529243122868086, 0.010263846405095662, 0.3610655649506691, 0.09868182823879032, -0.5683809886506391, 0.0016249255661197422, 0.05218067284882172, -0.009125571084744336, 2.927139541678871]
Thrust: -45.46416557358712

[-11.512645264773075, 8.103461187641058, 0.0, 0.006242958958549946, 0.010263846405095662, 0.3610655649506691, 0.09868182823879032, -0.5683809886506391, 0.0016249255661197422, 0.05218067284882172, -0.009125571084744336, 2.927139541678871]
Thrust: -45.43264092983817

[-13.973125585804599, 7.3527782219898175, 0.0, 0.004816562291456715, 0.019588125793549682, 0.44892305650891795, 0.07983421470684171, -0.8697816510412821, 0.0026162548739221934, 0.0643664351254921, -0.012574426654729201, 2.3886277480981306]
Thrust: -45.31278287920213

[-13.973125585804599, 5.490523074917897, 0.0, 0.005718152652033805, 0.019588125793549682, 0.44892305650891795, 0.07983421470684171, -0.8524710510331335, 0.0026162548739221934, 0.0643664351254921, -0.012574426654729201, 2.3886277480981306]
Thrust: -45.21330403961417

[-13.973125585804599, 6.691344485600336, 0.0, 0.004816562291456715, 0.019588125793549682, 0.44892305650891795, 0.07983421470684171, -0.8697816510412821, 0.0026162548739221934, 0.0643664351254921, -0.012574426654729201, 2.3886277480981306]
Thrust: -45.196874935209

[-13.845758032109945, 5.896362468720437, 0.0, 0.004816562291456715, 0.019588125793549682, 0.44892305650891795, 0.07983421470684171, -0.8524710510331335, 0.0026162548739221934, 0.0643664351254921, -0.012574426654729201, 2.3886277480981306]
Thrust: -45.19460240596727

[-13.973125585804599, 6.691344485600336, 0.0, 0.005718152652033805, 0.019588125793549682, 0.44892305650891795, 0.07983421470684171, -0.8524710510331335, 0.0026162548739221934, 0.0643664351254921, -0.012574426654729201, 2.3886277480981306]
Thrust: -45.19122120493322

[-13.973125585804599, 6.691344485600336, 0.0, 0.00522730694819564, 0.019588125793549682, 0.44892305650891795, 0.07983421470684171, -0.8524710510331335, 0.0026162548739221934, 0.0643664351254921, -0.012574426654729201, 2.3886277480981306]
Thrust: -45.18827170554213

[-13.973125585804599, 3.723972421201526, 0.0, 0.003622344563635251, 0.019588125793549682, 0.44892305650891795, 0.07983421470684171, -0.8524710510331335, 0.0026162548739221934, 0.0643664351254921, -0.012574426654729201, 2.3886277480981306]
Thrust: -45.18110317165889

[-13.845758032109945, 5.896362468720437, 0.0, 0.004816562291456715, 0.019588125793549682, 0.44892305650891795, 0.07983421470684171, -0.8697816510412821, 0.0026162548739221934, 0.0643664351254921, -0.012574426654729201, 2.3886277480981306]
Thrust: -45.17929789647894

[-13.973125585804599, 5.490523074917897, 0.0, 0.003622344563635251, 0.019588125793549682, 0.44892305650891795, 0.07983421470684171, -0.8524710510331335, 0.0026162548739221934, 0.0643664351254921, -0.012574426654729201, 2.3886277480981306]
Thrust: -45.17842123902067

[-13.973125585804599, 5.896362468720437, 0.0, 0.004816562291456715, 0.019588125793549682, 0.44892305650891795, 0.07983421470684171, -0.8697816510412821, 0.0026162548739221934, 0.0643664351254921, -0.012574426654729201, 2.3886277480981306]
Thrust: -45.16926405597941

[-13.973125585804599, 6.691344485600336, 0.0, 0.003622344563635251, 0.019588125793549682, 0.44892305650891795, 0.07983421470684171, -0.8524710510331335, 0.0026162548739221934, 0.0643664351254921, -0.012574426654729201, 2.3886277480981306]
Thrust: -45.16660918823894

[-13.973125585804599, 7.8469170256080325, 0.0, 0.005395041535520893, 0.019588125793549682, 0.44892305650891795, 0.07983421470684171, -0.8524710510331335, 0.0026162548739221934, 0.0643664351254921, -0.012574426654729201, 2.3886277480981306]
Thrust: -45.16602538265825

[-13.973125585804599, 6.691344485600336, 0.0, 0.005718152652033805, 0.019588125793549682, 0.44892305650891795, 0.07983421470684171, -0.8524710510331335, 0.0026162548739221934, 0.0643664351254921, -0.012574426654729201, 2.3886277480981306]
Thrust: -45.16164668475694

[-13.973125585804599, 6.71924542003178, 0.0, 0.003622344563635251, 0.019588125793549682, 0.44892305650891795, 0.07983421470684171, -0.8697816510412821, 0.0026162548739221934, 0.0643664351254921, -0.012574426654729201, 2.3886277480981306]
Thrust: -45.160617171046034

[-13.973125585804599, 3.83067248452416, 0.0, 0.005718152652033805, 0.019588125793549682, 0.44892305650891795, 0.07983421470684171, -0.8524710510331335, 0.0026162548739221934, 0.0643664351254921, -0.012574426654729201, 2.3886277480981306]
Thrust: -45.15983175865787

[-13.973125585804599, 10.367258375819073, 0.0, 0.00522730694819564, 0.019588125793549682, 0.44892305650891795, 0.07983421470684171, -0.8524710510331335, 0.0026162548739221934, 0.0643664351254921, -0.012574426654729201, 2.3886277480981306]
Thrust: -45.15955317601216

[-13.973125585804599, 7.555493952724998, 0.0, 0.004816562291456715, 0.019588125793549682, 0.44892305650891795, 0.07983421470684171, -0.8524710510331335, 0.0026162548739221934, 0.0643664351254921, -0.012574426654729201, 2.3886277480981306]
Thrust: -45.15215812959269

[-13.973125585804599, 5.490523074917897, 0.0, 0.003622344563635251, 0.019588125793549682, 0.44892305650891795, 0.07983421470684171, -0.8697816510412821, 0.0026162548739221934, 0.0643664351254921, -0.012574426654729201, 2.3886277480981306]
Thrust: -45.15071969524384

[-13.973125585804599, 5.490523074917897, 0.0, 0.003333747397792097, 0.019588125793549682, 0.44892305650891795, 0.07983421470684171, -0.8524710510331335, 0.0026162548739221934, 0.0643664351254921, -0.012574426654729201, 2.3886277480981306]
Thrust: -45.14652571807025

[-13.973125585804599, 5.525917727954923, 0.0, 0.005718152652033805, 0.019588125793549682, 0.44892305650891795, 0.07983421470684171, -0.8524710510331335, 0.0026162548739221934, 0.0643664351254921, -0.012574426654729201, 2.3886277480981306]
Thrust: -45.14432564699893

[-13.973125585804599, 9.06034603823002, 0.0, 0.0032081215170747146, 0.019588125793549682, 0.44892305650891795, 0.07983421470684171, -0.8524710510331335, 0.0026162548739221934, 0.0643664351254921, -0.012574426654729201, 2.3886277480981306]
Thrust: -45.14383963174668

[-13.973125585804599, 7.3527782219898175, 0.0, 0.005718152652033805, 0.019588125793549682, 0.44892305650891795, 0.07983421470684171, -0.8697816510412821, 0.0026162548739221934, 0.0643664351254921, -0.012574426654729201, 2.3886277480981306]
Thrust: -45.14185170709266

[-13.973125585804599, 6.691344485600336, 0.0, 0.005718152652033805, 0.019588125793549682, 0.44892305650891795, 0.07983421470684171, -0.8697816510412821, 0.0026162548739221934, 0.0643664351254921, -0.012574426654729201, 2.3886277480981306]
Thrust: -45.13590612649671

