[-39.33187123636443, -47.5543376497658]
Solutions found by the NSGA2 for conditions below:
12
0


[-10.92941768498878, 8.336808447251778, 0.0, 0.005378876873103558, 0.011658989542604324, 0.3277904490478384, 0.10207600435508069, -0.5758369393559393, 0.0032520228414289515, 0.043057351311741474, -0.010404198482643134, 3.1099756933416813]
Thrust_0: -40.731521848831456
Thrust_1: -85.26203848006267

[-10.655630085451238, 5.937295924277826, 0.0, 0.005378876873103558, 0.010998911496116582, 0.34404694473270236, 0.08119896391658797, -0.5745920106524761, 0.0032520228414289515, 0.043057351311741474, -0.010404198482643134, 3.0900625705261273]
Thrust_0: -44.33060157469711
Thrust_1: -50.90677418971112

[-10.655630085451238, 5.937295924277826, 0.0, 0.005307105760064692, 0.011658989542604324, 0.34404694473270236, 0.08070455570766202, -0.6024835058120548, 0.0032520228414289515, 0.043057351311741474, -0.010404198482643134, 3.1099756933416813]
Thrust_0: -43.72848927696196
Thrust_1: -65.02113374894041

[-10.655630085451238, 8.018527394103176, 0.0, 0.005307105760064692, 0.011658989542604324, 0.34404694473270236, 0.08119896391658797, -0.6024835058120548, 0.0032520228414289515, 0.043057351311741474, -0.010404198482643134, 3.1099756933416813]
Thrust_0: -43.71441848439067
Thrust_1: -65.58585940777256

[-9.204047660497672, 5.937295924277826, 0.0, 0.00603857858241576, 0.015077395080267685, 0.3263091078289394, 0.10293193560417811, -0.5874840534692358, 0.0032520228414289515, 0.043057351311741474, -0.010404198482643134, 3.0900625705261273]
Thrust_0: -42.24463824364972
Thrust_1: -73.14417919907497

[-9.204047660497672, 5.937295924277826, 0.0, 0.006381241488516395, 0.015077395080267685, 0.3263091078289394, 0.10293193560417811, -0.5874840534692358, 0.0032520228414289515, 0.043057351311741474, -0.010404198482643134, 3.0900625705261273]
Thrust_0: -42.232060071657195
Thrust_1: -74.73045130010965

[-10.655630085451238, 8.336808447251778, 0.0, 0.006137276527345281, 0.011658989542604324, 0.34404694473270236, 0.08119896391658797, -0.6024835058120548, 0.0032520228414289515, 0.043057351311741474, -0.010404198482643134, 3.1099756933416813]
Thrust_0: -43.71948413503989
Thrust_1: -65.4627842152934

[-9.837817451963996, 6.3864104008742615, 0.0, 0.005307105760064692, 0.010998911496116582, 0.34404694473270236, 0.08119896391658797, -0.5745920106524761, 0.0032520228414289515, 0.043057351311741474, -0.010404198482643134, 3.0900625705261273]
Thrust_0: -44.24635479354172
Thrust_1: -52.877275084421285

[-10.655630085451238, 6.418891939945314, 0.0, 0.005378876873103558, 0.011658989542604324, 0.34404694473270236, 0.08119896391658797, -0.5745920106524761, 0.0032520228414289515, 0.043057351311741474, -0.010404198482643134, 3.0900625705261273]
Thrust_0: -44.276637457217454
Thrust_1: -50.99824080831169

[-10.655630085451238, 6.418891939945314, 0.0, 0.005378876873103558, 0.011658989542604324, 0.34404694473270236, 0.08119896391658797, -0.5745920106524761, 0.0032520228414289515, 0.043057351311741474, -0.010404198482643134, 3.090273117830562]
Thrust_0: -44.264236098496546
Thrust_1: -51.00277400629126

[-10.655630085451238, 5.937295924277826, 0.0, 0.005378876873103558, 0.015077395080267685, 0.3263091078289394, 0.10293193560417811, -0.5745920106524761, 0.0032520228414289515, 0.043057351311741474, -0.010404198482643134, 3.0900625705261273]
Thrust_0: -42.19490968060043
Thrust_1: -53.443736538029434

[-10.655630085451238, 8.018527394103176, 0.0, 0.005307105760064692, 0.015077395080267685, 0.3263091078289394, 0.10293193560417811, -0.6187132797642682, 0.0032520228414289515, 0.043057351311741474, -0.010404198482643134, 3.1099756933416813]
Thrust_0: -40.69206150691433
Thrust_1: -79.69849189456343

[-10.655630085451238, 8.018527394103176, 0.0, 0.005522993572204071, 0.01449144337819811, 0.3263091078289394, 0.10767019370011166, -0.6187132797642682, 0.0032520228414289515, 0.043057351311741474, -0.010404198482643134, 3.1099756933416813]
Thrust_0: -40.636094397133704
Thrust_1: -83.86553272465459

[-9.204047660497672, 6.155129058145207, 0.0, 0.00603857858241576, 0.01449144337819811, 0.3263091078289394, 0.10293193560417811, -0.5874840534692358, 0.0032520228414289515, 0.043057351311741474, -0.010404198482643134, 3.0900625705261273]
Thrust_0: -42.169269724292256
Thrust_1: -74.49547409621496

[-10.655630085451238, 6.203752573032415, 0.0, 0.006660057962368749, 0.010998911496116582, 0.34404694473270236, 0.08119896391658797, -0.5745920106524761, 0.0032520228414289515, 0.043057351311741474, -0.010404198482643134, 3.0900625705261273]
Thrust_0: -44.2047688962923
Thrust_1: -52.72555156464718

[-10.161562214212598, 5.937295924277826, 0.0, 0.0057948961513050725, 0.015077395080267685, 0.3263091078289394, 0.10293193560417811, -0.5874840534692358, 0.0032520228414289515, 0.043057351311741474, -0.010404198482643134, 3.0900625705261273]
Thrust_0: -42.26059302604783
Thrust_1: -52.856957068570246

[-10.655630085451238, 8.336808447251778, 0.0, 0.006137276527345281, 0.01193498185120481, 0.34404694473270236, 0.08119896391658797, -0.5745920106524761, 0.0032520228414289515, 0.043057351311741474, -0.010404198482643134, 3.0900625705261273]
Thrust_0: -44.21025893346693
Thrust_1: -51.14134200865012

[-10.36386034552596, 5.937295924277826, 0.0, 0.006828501112071039, 0.011658989542604324, 0.34404694473270236, 0.08119896391658797, -0.5745920106524761, 0.0032520228414289515, 0.043057351311741474, -0.010404198482643134, 3.0900625705261273]
Thrust_0: -44.221041650919894
Thrust_1: -51.05741473942176

[-10.655630085451238, 5.937295924277826, 0.0, 0.006137276527345281, 0.011658989542604324, 0.34404694473270236, 0.08119896391658797, -0.5745920106524761, 0.0032520228414289515, 0.043057351311741474, -0.010404198482643134, 3.0900625705261273]
Thrust_0: -44.25842379829844
Thrust_1: -50.976868437248925

[-10.655630085451238, 6.203752573032415, 0.0, 0.006137276527345281, 0.011658989542604324, 0.34404694473270236, 0.08119896391658797, -0.5745920106524761, 0.0032520228414289515, 0.043057351311741474, -0.010404198482643134, 3.0900625705261273]
Thrust_0: -44.25211235183126
Thrust_1: -50.99632926299535

[-11.820631725626603, 5.937295924277826, 0.0, 0.005378876873103558, 0.015077395080267685, 0.3277904490478384, 0.10207600435508069, -0.5745920106524761, 0.0032520228414289515, 0.043057351311741474, -0.010404198482643134, 3.0900625705261273]
Thrust_0: -42.33674236172281
Thrust_1: -51.67872838070539

[-9.204047660497672, 6.3864104008742615, 0.0, 0.005307105760064692, 0.012792681941529112, 0.31822862996332696, 0.08119896391658797, -0.5874840534692358, 0.0032520228414289515, 0.043057351311741474, -0.010404198482643134, 3.0900625705261273]
Thrust_0: -41.44671209450155
Thrust_1: -52.56331368400805

[-9.099613779052396, 5.838420809161956, 0.0, 0.007244476344386736, 0.011769692594011064, 0.34433362030220555, 0.0813064273316266, -0.5874840534692358, 0.003116859019727456, 0.04944480599894819, -0.011283913614426067, 2.9684151723933225]
Thrust_0: -43.83452091949486
Thrust_1: -51.354925212885064

[-9.204047660497672, 5.937295924277826, 0.0, 0.006226045976024416, 0.015077395080267685, 0.3263091078289394, 0.10293193560417811, -0.5874840534692358, 0.0032520228414289515, 0.043057351311741474, -0.010404198482643134, 3.0900625705261273]
Thrust_0: -42.08189654212101
Thrust_1: -51.99322396742603

[-8.03723867432727, 8.336808447251778, 0.0, 0.005378876873103558, 0.011658989542604324, 0.3277904490478384, 0.08119896391658797, -0.5758369393559393, 0.0032520228414289515, 0.043057351311741474, -0.010404198482643134, 3.0900625705261273]
Thrust_0: -41.437631350493135
Thrust_1: -53.17673871095073

