NSGA 21-09

[-8.048496046066832, 6.581530524636668, 0.0, 0.007213174545633929, 0.013421269323141721, 0.3418674918579543, 0.08730294099507238, -0.6348366456867229, 0.0024136581191817044, 0.037949746556473735, -0.008419483852890283, 3.233293004865212]
Thrust_0: -46.94244412521844
Thrust_1: -43.897621419938076

[-8.048496046066832, 6.581530524636668, 0.0, 0.005425453180196773, 0.013923367538985916, 0.3418674918579543, 0.0873385062768694, -0.6348366456867229, 0.0024136581191817044, 0.037949746556473735, -0.008419483852890283, 3.233293004865212]
Thrust_0: -47.84429011157755
Thrust_1: -43.523204833294386

[-8.473504774113305, 5.872196401254656, 0.0, 0.005570127855510188, 0.01576249687365578, 0.3418674918579543, 0.0873385062768694, -0.6264490236360034, 0.0024136581191817044, 0.037949746556473735, -0.008419483852890283, 3.233293004865212]
Thrust_0: -47.94301454749508
Thrust_1: -42.52369620160028

[-8.771631018574455, 5.981998970225419, 0.0, 0.005529617001183482, 0.01576249687365578, 0.3418674918579543, 0.0873385062768694, -0.6348366456867229, 0.0024136581191817044, 0.037949746556473735, -0.008419483852890283, 3.233293004865212]
Thrust_0: -47.08968670643958
Thrust_1: -41.62688733834938

[-8.473504774113305, 8.342146159463024, 0.0, 0.006408371043417592, 0.01576249687365578, 0.3418674918579543, 0.0873385062768694, -0.6348366456867229, 0.0024136581191817044, 0.037949746556473735, -0.008419483852890283, 3.233293004865212]
Thrust_0: -46.85965717203498
Thrust_1: -42.27555100289962





NSGA 24-09_2 

[-11.146266540699862, 5.9212194132647555, 0.0, 0.0065193753083324394, 0.013224289576019765, 0.3682366797298346, 0.10245501444743865, -0.7187653969986992, 0.0034582310924445676, 0.0515916546852352, -0.012124098116672949, 2.9067009754555686]
Thrust_0: -76.68211004203201
Thrust_1: -51.24103459578695

[-10.914795302015351, 8.190697475185098, 0.0, 0.006972853478806365, 0.01299698753628819, 0.3682366797298346, 0.094655175222041, -0.6406029067963227, 0.0034582310924445676, 0.0515916546852352, -0.012124098116672949, 2.893129018964061]
Thrust_0: -75.600218526396
Thrust_1: -49.14613498413895




NSGA 25-09_1

[-9.262825688500973, 7.606514013383447, 0.0, 0.005486523700955228, 0.01124674545497137, 0.34682622004397096, 0.09288244168477273, -0.669176307579924, 0.002416364677630166, 0.0482056884054719, -0.009805747890226202, 2.7010052335438735]
Thrust_0: -54.22851643214364
Thrust_1: -93.0473275726108

[-8.572543154731765, 7.1004135756858835, 0.0, 0.006031642340203752, 0.013739712764173857, 0.34687551881233747, 0.0927894071700135, -0.671899806542724, 0.002416364677630166, 0.048245722566894265, -0.009805747890226202, 2.7010052335438735]
Thrust_0: -58.31607504711637
Thrust_1: -92.94542397499413



out

[-8.981040949105376, 7.1731486591243305, 0.0, 0.00710353563044501, 0.01267266000260794, 0.3568473626718274, 0.09494596068189809, -0.6661956070409193, 0.0033018972607335257, 0.050925877991083536, -0.012019774422807366, 3.2034782334686165]
Thrust_0: -78.89835531913972
Thrust_1: -46.09956358282418

[-8.981040949105376, 8.553894022902142, 0.0, 0.00710353563044501, 0.013103707148226746, 0.3568473626718274, 0.09454476928530749, -0.6661956070409193, 0.0033018972607335257, 0.050925877991083536, -0.012019774422807366, 3.2034782334686165]
Thrust_0: -79.41174316382649
Thrust_1: -45.516054844972096

[-8.981040949105376, 7.666824169736993, 0.0, 0.00594552587395356, 0.013103707148226746, 0.3568473626718274, 0.09629077913653229, -0.6661956070409193, 0.0032991760364008294, 0.050925877991083536, -0.012019774422807366, 3.2034782334686165]
Thrust_0: -78.80878743380266
Thrust_1: -44.63755299290687

[-8.355485189935795, 8.553894022902142, 0.0, 0.006921672878311682, 0.0159739268424578, 0.3563276807337307, 0.09629077913653229, -0.6661956070409193, 0.0033018972607335257, 0.050925877991083536, -0.012019774422807366, 3.1989430960371115]
Thrust_0: -75.12571078585454
Thrust_1: -40.98672574063142

[-8.981040949105376, 7.1731486591243305, 0.0, 0.006509138526222482, 0.014635953101544669, 0.3568473626718274, 0.09629077913653229, -0.6661956070409193, 0.0033018972607335257, 0.050925877991083536, -0.012019774422807366, 3.2034782334686165]
Thrust_0: -71.76797156551113
Thrust_1: -32.573454684943705




out2

[-11.224611505809658, 8.383770943565317, 0.0, 0.0058124825015005745, 0.013792780516967236, 0.35716683474815386, 0.09151007169013152, -0.6710749184148492, 0.003104586938330267, 0.0403773995637433, -0.010064208855631415, 3.7879427040773415]
Thrust_0: -80.29034607557125
Thrust_1: -66.34518194594477

[-10.767529976802216, 8.383770943565317, 0.0, 0.0058124825015005745, 0.013792780516967236, 0.35716683474815386, 0.09151007169013152, -0.6710749184148492, 0.003104586938330267, 0.0403773995637433, -0.010064208855631415, 3.7879427040773415]
Thrust_0: -75.81191428700089
Thrust_1: -62.37026623252498