[-70.74399319906442, -41.100207651030644]
Solutions found by the NSGA2 for conditions below:
0
6


[-11.695672448637845, 8.140997566382632, 0.0, 0.006443783915236019, 0.013374542728959538, 0.36633006850933975, 0.10361839336220455, -0.7610862108737217, 0.003476595191918446, 0.047939570560906135, -0.01177533305626036, 3.3546715775008265]
Thrust_0: -80.62206632090583
Thrust_1: -72.63808782931439

[-10.127528228312517, 8.683220170970888, 0.0, 0.005520483260110687, 0.012893769847365791, 0.36633006850933975, 0.10614363868830352, -0.7610862108737217, 0.003474212089963051, 0.047939570560906135, -0.01177533305626036, 3.3546715775008265]
Thrust_0: -81.74697982400835
Thrust_1: -36.12704873178323

[-9.7461558668688, 8.683220170970888, 0.0, 0.006220778352555143, 0.012734906054199278, 0.36633006850933975, 0.10614363868830352, -0.7610862108737217, 0.003476595191918446, 0.047939570560906135, -0.01177533305626036, 3.3546715775008265]
Thrust_0: -81.59442398002663
Thrust_1: -68.18429186096853

[-9.7461558668688, 8.683220170970888, 0.0, 0.005736909801485158, 0.012893769847365791, 0.3655574660924472, 0.10612360358646382, -0.7610862108737217, 0.003476595191918446, 0.047939570560906135, -0.01177533305626036, 3.3546715775008265]
Thrust_0: -81.65229175332117
Thrust_1: -36.14310844983002

[-9.7461558668688, 8.683220170970888, 0.0, 0.0059815648643628235, 0.012734906054199278, 0.3655574660924472, 0.10614363868830352, -0.7610862108737217, 0.003476595191918446, 0.047939570560906135, -0.01177533305626036, 3.3546715775008265]
Thrust_0: -81.64879138330076
Thrust_1: -40.125562071285906

[-9.7461558668688, 8.683220170970888, 0.0, 0.005520483260110687, 0.012893769847365791, 0.3655574660924472, 0.10612360358646382, -0.7610862108737217, 0.003476595191918446, 0.047939570560906135, -0.01177533305626036, 3.3546715775008265]
Thrust_0: -81.63625637522013
Thrust_1: -40.167585839065616

[-9.7461558668688, 8.683220170970888, 0.0, 0.00684809449446673, 0.012893769847365791, 0.3655574660924472, 0.10614363868830352, -0.7610862108737217, 0.003476595191918446, 0.047939570560906135, -0.01177533305626036, 3.3546715775008265]
Thrust_0: -81.56757595506198
Thrust_1: -68.08969175895315

[-9.7461558668688, 8.683220170970888, 0.0, 0.005520483260110687, 0.012893769847365791, 0.3655574660924472, 0.10614363868830352, -0.7610862108737217, 0.003476595191918446, 0.047939570560906135, -0.01177533305626036, 3.3546715775008265]
Thrust_0: -81.61960137980405
Thrust_1: -40.165083513755924

[-9.7461558668688, 8.683220170970888, 0.0, 0.005561150836431827, 0.012893769847365791, 0.3655574660924472, 0.10614363868830352, -0.7610862108737217, 0.003476595191918446, 0.047939570560906135, -0.01177533305626036, 3.3546715775008265]
Thrust_0: -81.63269016633471
Thrust_1: -36.13874352223653

[-9.7461558668688, 8.683220170970888, 0.0, 0.005736909801485158, 0.012893769847365791, 0.3655574660924472, 0.10614363868830352, -0.7610862108737217, 0.003476595191918446, 0.047939570560906135, -0.01177533305626036, 3.3546715775008265]
Thrust_0: -81.6210619803663
Thrust_1: -36.140929809247496

[-9.7461558668688, 8.683220170970888, 0.0, 0.005520483260110687, 0.012734906054199278, 0.3655574660924472, 0.10614363868830352, -0.7610862108737217, 0.003476595191918446, 0.047939570560906135, -0.01177533305626036, 3.3546715775008265]
Thrust_0: -81.45341373055865
Thrust_1: -65.67410581750681

[-10.304962482477544, 8.140997566382632, 0.0, 0.006220778352555143, 0.012734906054199278, 0.36633006850933975, 0.10614363868830352, -0.7610862108737217, 0.003476595191918446, 0.047939570560906135, -0.01177533305626036, 3.3546715775008265]
Thrust_0: -81.24393239453126
Thrust_1: -68.06626324304426

[-9.7461558668688, 8.283803659703555, 0.0, 0.00548907979028088, 0.012734906054199278, 0.3655574660924472, 0.10612360358646382, -0.7610862108737217, 0.003476595191918446, 0.047939570560906135, -0.01177533305626036, 3.3546715775008265]
Thrust_0: -81.54698231840976
Thrust_1: -40.21866183159186

[-9.7461558668688, 8.283803659703555, 0.0, 0.005520483260110687, 0.012893769847365791, 0.3655574660924472, 0.10614363868830352, -0.7610862108737217, 0.003476595191918446, 0.047939570560906135, -0.01177533305626036, 3.3546715775008265]
Thrust_0: -81.54738504935207
Thrust_1: -40.21329046670379

[-9.7461558668688, 8.283803659703555, 0.0, 0.00684809449446673, 0.012734906054199278, 0.3655574660924472, 0.10614363868830352, -0.7610862108737217, 0.003476595191918446, 0.047939570560906135, -0.01177533305626036, 3.3546715775008265]
Thrust_0: -81.61419210287393
Thrust_1: -40.057750522807595

[-9.7461558668688, 8.683220170970888, 0.0, 0.005520483260110687, 0.012734906054199278, 0.3655574660924472, 0.10612360358646382, -0.7610862108737217, 0.003476595191918446, 0.047939570560906135, -0.01177533305626036, 3.3546715775008265]
Thrust_0: -81.59359164634598
Thrust_1: -40.1509907769428

[-9.7461558668688, 8.683220170970888, 0.0, 0.0059815648643628235, 0.012893769847365791, 0.3655574660924472, 0.10614363868830352, -0.7610862108737217, 0.003476595191918446, 0.047939570560906135, -0.01177533305626036, 3.3546715775008265]
Thrust_0: -81.60950655151551
Thrust_1: -40.138645495886855

[-10.146482680928884, 6.821495714742974, 0.0, 0.005520483260110687, 0.012893769847365791, 0.3655574660924472, 0.10614363868830352, -0.7610862108737217, 0.003476595191918446, 0.047939570560906135, -0.01177533305626036, 3.3546715775008265]
Thrust_0: -81.22834644469246
Thrust_1: -66.63401481857244

[-10.304962482477544, 8.140997566382632, 0.0, 0.006220778352555143, 0.012734906054199278, 0.36633006850933975, 0.10612360358646382, -0.7610862108737217, 0.003476595191918446, 0.047939570560906135, -0.01177533305626036, 3.3546715775008265]
Thrust_0: -81.10567467877176
Thrust_1: -68.00186764341812

[-10.127528228312517, 7.718664094598807, 0.0, 0.005520483260110687, 0.012649996431303477, 0.36633006850933975, 0.10612360358646382, -0.7610862108737217, 0.003476595191918446, 0.047939570560906135, -0.01177533305626036, 3.3546715775008265]
Thrust_0: -81.30461236854791
Thrust_1: -65.66051334979822

[-9.7461558668688, 8.188952247964872, 0.0, 0.005520483260110687, 0.012734906054199278, 0.3655574660924472, 0.10612360358646382, -0.7610862108737217, 0.003476595191918446, 0.047939570560906135, -0.01177533305626036, 3.3546715775008265]
Thrust_0: -81.4476498078699
Thrust_1: -65.41139385911644

[-9.7461558668688, 8.683220170970888, 0.0, 0.005668050603176695, 0.012734906054199278, 0.3655574660924472, 0.10614363868830352, -0.7610862108737217, 0.003476595191918446, 0.047939570560906135, -0.01177533305626036, 3.3546715775008265]
Thrust_0: -81.57637508719345
Thrust_1: -40.06531636244067

[-9.7461558668688, 8.283803659703555, 0.0, 0.005393340118134796, 0.012893769847365791, 0.3655574660924472, 0.10612360358646382, -0.7610862108737217, 0.003476595191918446, 0.047939570560906135, -0.01177533305626036, 3.3546715775008265]
Thrust_0: -81.5292772452864
Thrust_1: -40.215846735914255

[-9.7461558668688, 8.683220170970888, 0.0, 0.005762847132921649, 0.012734906054199278, 0.3655574660924472, 0.10614363868830352, -0.7610862108737217, 0.003476595191918446, 0.047939570560906135, -0.01177533305626036, 3.3546715775008265]
Thrust_0: -81.60090851617632
Thrust_1: -36.136296169493846

[-9.7461558668688, 8.283803659703555, 0.0, 0.00548907979028088, 0.012893769847365791, 0.3655574660924472, 0.10612360358646382, -0.7610862108737217, 0.003476595191918446, 0.047939570560906135, -0.01177533305626036, 3.3546715775008265]
Thrust_0: -81.38792097730791
Thrust_1: -65.34953448569478

