[-70.74399319906442, -38.360050660635466]
Solutions found by the NSGA2 for conditions below:
0
12


[-9.073722412307914, 8.190697475185098, 0.0, 0.007045144748767202, 0.01261824029341488, 0.35127663796483555, 0.094655175222041, -0.6836632315678677, 0.0034634229780897263, 0.0515916546852352, -0.012124098116672949, 2.893129018964061]
Thrust_0: -80.04523968357122
Thrust_1: -30.000718016177142

[-8.712077093096195, 5.9212194132647555, 0.0, 0.005075647289463982, 0.014296678108238382, 0.36440303516475425, 0.10245501444743865, -0.7187653969986992, 0.0034634229780897263, 0.0515916546852352, -0.012124098116672949, 2.9067009754555686]
Thrust_0: -78.73550386973638
Thrust_1: -31.563886166207617

[-10.914795302015351, 8.606064459142873, 0.0, 0.006972853478806365, 0.01299698753628819, 0.3682366797298346, 0.094655175222041, -0.6376375152840261, 0.0034582310924445676, 0.0515916546852352, -0.012124098116672949, 2.9067009754555686]
Thrust_0: -76.82452535379095
Thrust_1: -38.26883886707646

[-8.712077093096195, 5.9212194132647555, 0.0, 0.005157205180690249, 0.013224289576019765, 0.36440303516475425, 0.10245501444743865, -0.7187653969986992, 0.0034582310924445676, 0.0515916546852352, -0.012124098116672949, 2.9067009754555686]
Thrust_0: -78.97135957935862
Thrust_1: -30.03075096765659

[-11.411328977358071, 5.9212194132647555, 0.0, 0.007045144748767202, 0.010748517381651626, 0.3682366797298346, 0.10245501444743865, -0.7187653969986992, 0.0034582310924445676, 0.0515916546852352, -0.012124098116672949, 2.9067009754555686]
Thrust_0: -79.88157316433455
Thrust_1: -29.216988888626346

[-8.712077093096195, 8.606064459142873, 0.0, 0.005507457623999019, 0.01299698753628819, 0.3682366797298346, 0.10245501444743865, -0.6794294823686193, 0.0034582310924445676, 0.0515916546852352, -0.012124098116672949, 2.893129018964061]
Thrust_0: -79.24906313308561
Thrust_1: -29.24618702669558

[-11.146266540699862, 7.020263959987977, 0.0, 0.006238209490469564, 0.014016307673450459, 0.3682366797298346, 0.094655175222041, -0.6376375152840261, 0.0034582310924445676, 0.0515916546852352, -0.012124098116672949, 2.9067009754555686]
Thrust_0: -76.56616800420042
Thrust_1: -38.96674256194169

[-8.712077093096195, 7.212516709352876, 0.0, 0.005507457623999019, 0.013224289576019765, 0.36440303516475425, 0.10245501444743865, -0.7187653969986992, 0.0034582310924445676, 0.0515916546852352, -0.012124098116672949, 2.9067009754555686]
Thrust_0: -78.96081122940485
Thrust_1: -29.93597814696526

[-11.146266540699862, 8.606064459142873, 0.0, 0.0065193753083324394, 0.01299698753628819, 0.3682366797298346, 0.09978612274531617, -0.7187653969986992, 0.0034582310924445676, 0.0515916546852352, -0.012124098116672949, 2.9067009754555686]
Thrust_0: -77.36257967934507
Thrust_1: -30.804631742797927

[-11.411328977358071, 7.968541607885869, 0.0, 0.007045144748767202, 0.01400895107699478, 0.3682366797298346, 0.094655175222041, -0.6376375152840261, 0.0034634229780897263, 0.0515916546852352, -0.012124098116672949, 2.893129018964061]
Thrust_0: -76.59996473619081
Thrust_1: -38.59187518557687

[-11.411328977358071, 8.606064459142873, 0.0, 0.007045144748767202, 0.01299698753628819, 0.3682366797298346, 0.094655175222041, -0.6376375152840261, 0.0034582310924445676, 0.0515916546852352, -0.012124098116672949, 2.893129018964061]
Thrust_0: -75.98070637753898
Thrust_1: -40.26477373151047

[-11.286138554140159, 5.9212194132647555, 0.0, 0.0065193753083324394, 0.013224289576019765, 0.3682366797298346, 0.10245501444743865, -0.7187653969986992, 0.0034634229780897263, 0.0515916546852352, -0.012124098116672949, 2.9067009754555686]
Thrust_0: -77.81713308266986
Thrust_1: -30.48534695570306

[-9.073722412307914, 7.759790472762866, 0.0, 0.007045144748767202, 0.014112490413211, 0.35127663796483555, 0.094655175222041, -0.6836632315678677, 0.0034634229780897263, 0.0515916546852352, -0.012124098116672949, 2.893129018964061]
Thrust_0: -78.18338931258799
Thrust_1: -30.407601169166302

[-11.286138554140159, 7.212516709352876, 0.0, 0.006170016123357841, 0.015107939366859387, 0.3682366797298346, 0.10245501444743865, -0.7187653969986992, 0.0034634229780897263, 0.0515916546852352, -0.012124098116672949, 2.9067009754555686]
Thrust_0: -77.03054741728883
Thrust_1: -30.870248400311628

[-11.411328977358071, 5.9212194132647555, 0.0, 0.007045144748767202, 0.015107939366859387, 0.3682366797298346, 0.10245501444743865, -0.7187653969986992, 0.0034634229780897263, 0.0515916546852352, -0.012124098116672949, 2.9067009754555686]
Thrust_0: -76.99027534261289
Thrust_1: -31.016645616523217

[-8.712077093096195, 5.9212194132647555, 0.0, 0.005075647289463982, 0.013224289576019765, 0.36440303516475425, 0.10245501444743865, -0.7187653969986992, 0.0034634229780897263, 0.0515916546852352, -0.012124098116672949, 2.9067009754555686]
Thrust_0: -78.39990747373547
Thrust_1: -30.35308897386745

[-9.073722412307914, 7.236416641037846, 0.0, 0.007045144748767202, 0.014112490413211, 0.36440303516475425, 0.10245501444743865, -0.7187653969986992, 0.0034634229780897263, 0.0515916546852352, -0.012124098116672949, 2.9067009754555686]
Thrust_0: -78.55492751233332
Thrust_1: -30.135972198087412

[-10.92271102714962, 5.9212194132647555, 0.0, 0.0065193753083324394, 0.013224289576019765, 0.36440303516475425, 0.10245501444743865, -0.7187653969986992, 0.0034582310924445676, 0.0515916546852352, -0.012124098116672949, 2.9067009754555686]
Thrust_0: -78.52669685918016
Thrust_1: -30.209415259678146

[-9.45851014600632, 5.9212194132647555, 0.0, 0.005157205180690249, 0.013224289576019765, 0.36440303516475425, 0.10245501444743865, -0.7187653969986992, 0.0034582310924445676, 0.0515916546852352, -0.012124098116672949, 2.9067009754555686]
Thrust_0: -78.64992109466554
Thrust_1: -29.94176391654352

[-8.712077093096195, 5.9212194132647555, 0.0, 0.005075647289463982, 0.014112490413211, 0.3872880613244543, 0.10245501444743865, -0.7187653969986992, 0.0034634229780897263, 0.0515916546852352, -0.012124098116672949, 2.9067009754555686]
Thrust_0: -70.61848540474033
Thrust_1: -45.16927742152425

[-10.811212149459404, 5.9212194132647555, 0.0, 0.007045144748767202, 0.013224289576019765, 0.35127663796483555, 0.07465533466108792, -0.6836632315678677, 0.0034634229780897263, 0.0515916546852352, -0.012124098116672949, 2.9067009754555686]
Thrust_0: -71.53261398742993
Thrust_1: -40.46839373365371

[-9.33618233984199, 7.550410150869807, 0.0, 0.007045144748767202, 0.014112490413211, 0.3872880613244543, 0.10245501444743865, -0.7187653969986992, 0.0034634229780897263, 0.0515916546852352, -0.012124098116672949, 2.9067009754555686]
Thrust_0: -69.9935424219327
Thrust_1: -45.54540444593559

[-11.66533504171156, 8.190697475185098, 0.0, 0.007045144748767202, 0.01261824029341488, 0.35127663796483555, 0.094655175222041, -0.6836632315678677, 0.0034634229780897263, 0.0515916546852352, -0.012124098116672949, 2.893129018964061]
Thrust_0: -73.45585319298564
Thrust_1: -40.24961246743167

