[-53.41691627201822, -50.02470888078834]
Solutions found by the NSGA2 for conditions below:
6
0


[-7.984554506739443, 7.994004941649038, 0.0, 0.00520918330470542, 0.0135355279573283, 0.37817493990931095, 0.07598971226820544, -0.657111453356529, 0.0034136069462505384, 0.0395665466596657, -0.010357300769955084, 3.8913142351347254]
Thrust_0: -54.212239903711726
Thrust_1: -84.18544052500513

[-7.984554506739443, 7.788713391704343, 0.0, 0.006122281993449473, 0.0135355279573283, 0.33184809053196757, 0.09589918482812278, -0.6475470030045413, 0.0034136069462505384, 0.0395665466596657, -0.010357300769955084, 3.8913142351347254]
Thrust_0: -56.34489863710221
Thrust_1: -51.285405231642414

[-7.984554506739443, 7.788713391704343, 0.0, 0.006122281993449473, 0.0135355279573283, 0.37817493990931095, 0.10203853814412273, -0.5944330462419936, 0.0034136069462505384, 0.0395665466596657, -0.010357300769955084, 3.8913142351347254]
Thrust_0: -56.21739649324044
Thrust_1: -68.80953541892032

[-8.477473416030323, 6.5191253333494315, 0.0, 0.007014818873663557, 0.01276072283940468, 0.37817493990931095, 0.07598971226820544, -0.657111453356529, 0.0034136069462505384, 0.0395665466596657, -0.010357300769955084, 3.8913142351347254]
Thrust_0: -54.24704754376335
Thrust_1: -83.78651593802401

[-8.477473416030323, 7.994004941649038, 0.0, 0.004850416878822152, 0.0135355279573283, 0.37817493990931095, 0.10107606463283521, -0.5944330462419936, 0.0034136069462505384, 0.0395665466596657, -0.010357300769955084, 3.8913142351347254]
Thrust_0: -56.248222628191456
Thrust_1: -52.23648262154683

[-8.477473416030323, 7.994004941649038, 0.0, 0.004850416878822152, 0.012341262116319973, 0.37817493990931095, 0.10107606463283521, -0.5944330462419936, 0.0034136069462505384, 0.0395665466596657, -0.010357300769955084, 3.8913142351347254]
Thrust_0: -56.1134333049482
Thrust_1: -67.44105796170146

[-8.477473416030323, 7.788713391704343, 0.0, 0.007098269312199932, 0.0135355279573283, 0.37817493990931095, 0.10203853814412273, -0.5102816640323194, 0.0034136069462505384, 0.0395665466596657, -0.010357300769955084, 3.8913142351347254]
Thrust_0: -54.01639519533914
Thrust_1: -78.07571503843977

[-7.984554506739443, 6.666055234504681, 0.0, 0.006054553656065836, 0.0135355279573283, 0.41879054327502185, 0.07598971226820544, -0.5944330462419936, 0.0034136069462505384, 0.0395665466596657, -0.010357300769955084, 3.8913142351347254]
Thrust_0: -53.04412278572021
Thrust_1: -83.39433055441555

[-7.984554506739443, 7.788713391704343, 0.0, 0.00520918330470542, 0.0135355279573283, 0.37817493990931095, 0.10203853814412273, -0.5944330462419936, 0.0034136069462505384, 0.0395665466596657, -0.010357300769955084, 3.8913142351347254]
Thrust_0: -55.966956487827005
Thrust_1: -68.74406681081496

[-7.984554506739443, 7.788713391704343, 0.0, 0.006122281993449473, 0.015220508906008113, 0.37817493990931095, 0.10203853814412273, -0.5933291816798124, 0.0034136069462505384, 0.0395665466596657, -0.010357300769955084, 3.8913142351347254]
Thrust_0: -56.24511430813018
Thrust_1: -51.36518491297053

[-8.85623260222053, 7.945018426659766, 0.0, 0.007014818873663557, 0.01589245139106635, 0.37817493990931095, 0.10107606463283521, -0.597685648395889, 0.0034136069462505384, 0.0395665466596657, -0.010357300769955084, 3.8913142351347254]
Thrust_0: -56.21928077860596
Thrust_1: -51.66749275671266

[-7.984554506739443, 5.860549678625944, 0.0, 0.00520918330470542, 0.0135355279573283, 0.37817493990931095, 0.10203853814412273, -0.5944330462419936, 0.0034136069462505384, 0.0395665466596657, -0.010357300769955084, 3.8913142351347254]
Thrust_0: -56.31979867982503
Thrust_1: -51.18852271653608

[-7.984554506739443, 6.666055234504681, 0.0, 0.00520918330470542, 0.0135355279573283, 0.37817493990931095, 0.10203853814412273, -0.5944330462419936, 0.0034136069462505384, 0.0395665466596657, -0.010357300769955084, 3.8913142351347254]
Thrust_0: -56.33281316205794
Thrust_1: -50.91890416004452

[-8.85623260222053, 8.45779915284188, 0.0, 0.007014818873663557, 0.01589245139106635, 0.37817493990931095, 0.10107606463283521, -0.597685648395889, 0.0034136069462505384, 0.0395665466596657, -0.010357300769955084, 3.8913142351347254]
Thrust_0: -56.16643662749766
Thrust_1: -51.98009346461534

[-7.984554506739443, 7.788713391704343, 0.0, 0.006122281993449473, 0.0135355279573283, 0.37817493990931095, 0.10203853814412273, -0.6475470030045413, 0.0034136069462505384, 0.0395665466596657, -0.010357300769955084, 3.8913142351347254]
Thrust_0: -54.85764484105396
Thrust_1: -57.533880569859726

[-8.799824056848257, 7.788713391704343, 0.0, 0.0072256999544448395, 0.01310209149939356, 0.33196385618212054, 0.07598971226820544, -0.657111453356529, 0.0034136069462505384, 0.0395665466596657, -0.010357300769955084, 3.8913142351347254]
Thrust_0: -53.51450296347033
Thrust_1: -73.23968148601112

[-8.85623260222053, 7.994004941649038, 0.0, 0.00520918330470542, 0.0135355279573283, 0.37817493990931095, 0.10107606463283521, -0.657111453356529, 0.0034136069462505384, 0.0395665466596657, -0.010357300769955084, 3.8913142351347254]
Thrust_0: -55.430609531994094
Thrust_1: -52.86072518799953

[-8.477473416030323, 7.2928169960422835, 0.0, 0.005952851142361352, 0.01310209149939356, 0.37817493990931095, 0.10107606463283521, -0.5944330462419936, 0.0034136069462505384, 0.0395665466596657, -0.010357300769955084, 3.8913142351347254]
Thrust_0: -56.185473856807484
Thrust_1: -51.535602524029095

[-8.85623260222053, 6.5191253333494315, 0.0, 0.005432118642369034, 0.012792271446331195, 0.37817493990931095, 0.10107606463283521, -0.5944330462419936, 0.0034136069462505384, 0.0395665466596657, -0.010357300769955084, 3.8913142351347254]
Thrust_0: -56.03168652784127
Thrust_1: -51.76464039729266

[-8.381253641997208, 7.994004941649038, 0.0, 0.006122281993449473, 0.0135355279573283, 0.37817493990931095, 0.09589918482812278, -0.597685648395889, 0.0034136069462505384, 0.0395665466596657, -0.010357300769955084, 3.8913142351347254]
Thrust_0: -56.01473616511528
Thrust_1: -52.772283120289565

[-7.984554506739443, 5.924306818205221, 0.0, 0.00520918330470542, 0.0135355279573283, 0.37817493990931095, 0.10203853814412273, -0.5944330462419936, 0.0034136069462505384, 0.0395665466596657, -0.010357300769955084, 3.8913142351347254]
Thrust_0: -56.31081530081003
Thrust_1: -51.05754536017439

[-8.85623260222053, 6.5191253333494315, 0.0, 0.004850416878822152, 0.0135355279573283, 0.37817493990931095, 0.10107606463283521, -0.5944330462419936, 0.0034136069462505384, 0.0395665466596657, -0.010357300769955084, 3.8913142351347254]
Thrust_0: -56.11871436758207
Thrust_1: -51.70143199422762

[-7.984554506739443, 5.924306818205221, 0.0, 0.006122281993449473, 0.0135355279573283, 0.37817493990931095, 0.10203853814412273, -0.5944330462419936, 0.0034136069462505384, 0.0395665466596657, -0.010357300769955084, 3.8913142351347254]
Thrust_0: -56.20053687030383
Thrust_1: -51.35232399308417

[-7.984554506739443, 7.788713391704343, 0.0, 0.005906611529542588, 0.014574254044189255, 0.37817493990931095, 0.10203853814412273, -0.5933291816798124, 0.0034136069462505384, 0.0395665466596657, -0.010357300769955084, 3.8913142351347254]
Thrust_0: -56.311295360146765
Thrust_1: -50.82064093316611

[-8.477473416030323, 7.994004941649038, 0.0, 0.004850416878822152, 0.01437512206398306, 0.37817493990931095, 0.10107606463283521, -0.5944330462419936, 0.0034136069462505384, 0.0395665466596657, -0.010357300769955084, 3.8913142351347254]
Thrust_0: -56.318815906438104
Thrust_1: -50.79162671520606

