[-53.41691627201822, -50.02470888078834]
Solutions found by the NSGA2 for conditions below:
6
0


[-9.262825688500973, 7.227785229568063, 0.0, 0.005340939260620929, 0.01124674545497137, 0.34682622004397096, 0.09288244168477273, -0.669176307579924, 0.002416364677630166, 0.0482056884054719, -0.009805747890226202, 2.69461106359027]
Thrust_0: -61.267843940022715
Thrust_1: -52.684884140905076

[-10.890525916426476, 6.633890257747721, 0.0, 0.005340939260620929, 0.014310545406508154, 0.34682622004397096, 0.09288244168477273, -0.669176307579924, 0.002416364677630166, 0.0482056884054719, -0.009805747890226202, 2.69461106359027]
Thrust_0: -58.59314785307833
Thrust_1: -53.47001087985542

[-9.639774568829253, 7.606514013383447, 0.0, 0.005340939260620929, 0.014848754500149842, 0.34687551881233747, 0.0927894071700135, -0.671899806542724, 0.002416364677630166, 0.0482056884054719, -0.009805747890226202, 2.7010052335438735]
Thrust_0: -58.79731397244844
Thrust_1: -53.04628722433677

[-10.21277287677778, 6.633890257747721, 0.0, 0.005164692630058584, 0.01124674545497137, 0.34687551881233747, 0.09288244168477273, -0.6710198422772442, 0.002416364677630166, 0.0482056884054719, -0.009805747890226202, 2.69461106359027]
Thrust_0: -60.96187083399367
Thrust_1: -52.960507818066425

[-9.639774568829253, 7.227785229568063, 0.0, 0.005164692630058584, 0.01124674545497137, 0.34687551881233747, 0.09288244168477273, -0.669176307579924, 0.002416364677630166, 0.0482056884054719, -0.009805747890226202, 2.69461106359027]
Thrust_0: -60.86192436961605
Thrust_1: -52.99770793125698

[-11.707115002227022, 6.9729464052434675, 0.0, 0.0061748328398486705, 0.01570651351334675, 0.34687551881233747, 0.0927894071700135, -0.6710198422772442, 0.002416364677630166, 0.0482056884054719, -0.009805747890226202, 2.69461106359027]
Thrust_0: -58.62734033196072
Thrust_1: -53.418149244469646

[-9.262825688500973, 6.117955086704024, 0.0, 0.005164692630058584, 0.01124674545497137, 0.34682622004397096, 0.09288244168477273, -0.669176307579924, 0.002416364677630166, 0.0482056884054719, -0.009805747890226202, 2.69461106359027]
Thrust_0: -61.23944440259586
Thrust_1: -52.827498208451495

[-9.262825688500973, 8.295711292245048, 0.0, 0.005024090808987935, 0.01124674545497137, 0.34682622004397096, 0.09288244168477273, -0.669176307579924, 0.002416364677630166, 0.0482056884054719, -0.009805747890226202, 2.69461106359027]
Thrust_0: -61.2298329027041
Thrust_1: -52.88916920722838

[-11.707115002227022, 7.053320869118352, 0.0, 0.005752983395282442, 0.01570651351334675, 0.34687551881233747, 0.0927894071700135, -0.6710198422772442, 0.002416364677630166, 0.0482056884054719, -0.009805747890226202, 2.69461106359027]
Thrust_0: -58.72975981291806
Thrust_1: -53.39542482370382

[-9.262825688500973, 6.633890257747721, 0.0, 0.005164692630058584, 0.01124674545497137, 0.34687551881233747, 0.09288244168477273, -0.669176307579924, 0.002416364677630166, 0.0482056884054719, -0.009805747890226202, 2.69461106359027]
Thrust_0: -61.23428849704982
Thrust_1: -52.83239392589473

[-8.572543154731765, 7.606514013383447, 0.0, 0.006031642340203752, 0.013739712764173857, 0.34687551881233747, 0.09288244168477273, -0.671899806542724, 0.002416364677630166, 0.048245722566894265, -0.009805747890226202, 2.7010052335438735]
Thrust_0: -58.21388975719264
Thrust_1: -72.37408386898505

[-9.262825688500973, 7.606514013383447, 0.0, 0.005752983395282442, 0.014086947783986972, 0.34687551881233747, 0.11030915921092677, -0.671899806542724, 0.002416364677630166, 0.0482056884054719, -0.009805747890226202, 2.7010052335438735]
Thrust_0: -53.90251249367844
Thrust_1: -79.91514349311191

[-9.509350250763674, 7.606514013383447, 0.0, 0.005398204921215009, 0.013739712764173857, 0.34687551881233747, 0.08299572367002873, -0.58560441951992, 0.002416364677630166, 0.0482056884054719, -0.009805747890226202, 2.7010052335438735]
Thrust_0: -57.30150825292859
Thrust_1: -74.77430384295162

[-10.21277287677778, 5.832099010552096, 0.0, 0.005164692630058584, 0.01124674545497137, 0.34682622004397096, 0.09288244168477273, -0.669176307579924, 0.002416364677630166, 0.0482056884054719, -0.009805747890226202, 2.69461106359027]
Thrust_0: -59.13168353978128
Thrust_1: -52.90603337787142

[-9.639774568829253, 7.167126906761432, 0.0, 0.005164692630058584, 0.01124674545497137, 0.34682622004397096, 0.09288244168477273, -0.669176307579924, 0.002416364677630166, 0.0482056884054719, -0.009805747890226202, 2.69461106359027]
Thrust_0: -60.84545447175426
Thrust_1: -52.847450326750604

[-10.890525916426476, 6.633890257747721, 0.0, 0.005817914219819706, 0.014310545406508154, 0.34682622004397096, 0.09288244168477273, -0.669176307579924, 0.002416364677630166, 0.0482056884054719, -0.009805747890226202, 2.69461106359027]
Thrust_0: -58.71430863603337
Thrust_1: -53.29773868365271

[-10.890525916426476, 6.633890257747721, 0.0, 0.005817914219819706, 0.014310545406508154, 0.34687551881233747, 0.09288244168477273, -0.669176307579924, 0.002416364677630166, 0.0482056884054719, -0.009805747890226202, 2.69461106359027]
Thrust_0: -58.7227652149379
Thrust_1: -53.123355748583705

[-10.890525916426476, 6.633890257747721, 0.0, 0.005164692630058584, 0.014310545406508154, 0.34687551881233747, 0.09288244168477273, -0.669176307579924, 0.002416364677630166, 0.0482056884054719, -0.009805747890226202, 2.69461106359027]
Thrust_0: -58.668460187372006
Thrust_1: -53.39450962816364

[-9.262825688500973, 6.633890257747721, 0.0, 0.005486523700955228, 0.01124674545497137, 0.34687551881233747, 0.09288244168477273, -0.669176307579924, 0.002416364677630166, 0.0482056884054719, -0.009805747890226202, 2.69461106359027]
Thrust_0: -61.21842154132007
Thrust_1: -52.78896416451409

[-9.639774568829253, 7.606514013383447, 0.0, 0.005340939260620929, 0.014848754500149842, 0.34687551881233747, 0.0927894071700135, -0.669176307579924, 0.002416364677630166, 0.0482056884054719, -0.009805747890226202, 2.7010052335438735]
Thrust_0: -58.735465829358475
Thrust_1: -52.91378545388715

[-9.639774568829253, 7.227785229568063, 0.0, 0.005164692630058584, 0.01124674545497137, 0.34682622004397096, 0.09288244168477273, -0.669176307579924, 0.002416364677630166, 0.0482056884054719, -0.009805747890226202, 2.69461106359027]
Thrust_0: -61.17934208158096
Thrust_1: -52.83765015356601

[-9.262825688500973, 6.633890257747721, 0.0, 0.005164692630058584, 0.01124674545497137, 0.34682622004397096, 0.09288244168477273, -0.669176307579924, 0.002416364677630166, 0.0482056884054719, -0.009805747890226202, 2.69461106359027]
Thrust_0: -61.2354668413778
Thrust_1: -52.565415597138276

[-9.639774568829253, 7.227785229568063, 0.0, 0.005340939260620929, 0.01124674545497137, 0.34687551881233747, 0.09288244168477273, -0.669176307579924, 0.002416364677630166, 0.0482056884054719, -0.009805747890226202, 2.69461106359027]
Thrust_0: -61.123725875008915
Thrust_1: -52.844607089137284

