[-70.74399319906442, -41.100207651030644]
Solutions found by the NSGA2 for conditions below:
0
6


[-11.224611505809658, 7.598485273012296, 0.0, 0.0058124825015005745, 0.013792780516967236, 0.35716683474815386, 0.09151007169013152, -0.6710749184148492, 0.003104586938330267, 0.0403773995637433, -0.010064208855631415, 3.7879427040773415]
Thrust_0: -80.35176957465679
Thrust_1: -40.119823626772614

[-11.224611505809658, 8.246115344990212, 0.0, 0.006970010924407681, 0.013792780516967236, 0.35716683474815386, 0.07759117729211167, -0.6710749184148492, 0.003104586938330267, 0.0403773995637433, -0.010064208855631415, 3.7879427040773415]
Thrust_0: -71.00860473529819
Thrust_1: -63.46752147184453

[-11.224611505809658, 6.529988020686103, 0.0, 0.006970010924407681, 0.013792780516967236, 0.35716683474815386, 0.09151007169013152, -0.6710749184148492, 0.003104586938330267, 0.0403773995637433, -0.010064208855631415, 3.7879427040773415]
Thrust_0: -76.35524352318784
Thrust_1: -40.635643952250504

[-11.224611505809658, 8.246115344990212, 0.0, 0.0069723027258022634, 0.013792780516967236, 0.35716683474815386, 0.09151007169013152, -0.6710749184148492, 0.003104586938330267, 0.0403773995637433, -0.010064208855631415, 3.7879427040773415]
Thrust_0: -78.39014989786084
Thrust_1: -40.38051251593101

[-11.224611505809658, 7.2165372972439945, 0.0, 0.0058124825015005745, 0.013792780516967236, 0.35716683474815386, 0.09151007169013152, -0.6710749184148492, 0.003104586938330267, 0.0403773995637433, -0.010064208855631415, 3.7879427040773415]
Thrust_0: -79.04452754250804
Thrust_1: -40.3744121767188

[-10.767529976802216, 8.608930586601105, 0.0, 0.0058124825015005745, 0.013792780516967236, 0.35716683474815386, 0.09151007169013152, -0.6710749184148492, 0.003104586938330267, 0.0403773995637433, -0.010064208855631415, 3.7879427040773415]
Thrust_0: -75.86460322466202
Thrust_1: -40.9231904180583

[-10.767529976802216, 6.70396212339081, 0.0, 0.005704918401366924, 0.013792780516967236, 0.35716683474815386, 0.09151007169013152, -0.6710749184148492, 0.003104586938330267, 0.0403773995637433, -0.010064208855631415, 3.7879427040773415]
Thrust_0: -75.9116205954194
Thrust_1: -40.83272036061304

[-11.224611505809658, 8.608930586601105, 0.0, 0.005704918401366924, 0.013792780516967236, 0.35716683474815386, 0.09151007169013152, -0.6710749184148492, 0.003104586938330267, 0.0403773995637433, -0.010064208855631415, 3.7879427040773415]
Thrust_0: -80.05893940736404
Thrust_1: -40.13403886877082

[-11.224611505809658, 6.70396212339081, 0.0, 0.005704918401366924, 0.013792780516967236, 0.35716683474815386, 0.09151007169013152, -0.6710749184148492, 0.003104586938330267, 0.0403773995637433, -0.010064208855631415, 3.7879427040773415]
Thrust_0: -76.29095076817016
Thrust_1: -40.63864347423867

[-11.224611505809658, 8.246115344990212, 0.0, 0.005786174819545149, 0.013792780516967236, 0.35716683474815386, 0.09151007169013152, -0.6710749184148492, 0.003104586938330267, 0.0403773995637433, -0.010064208855631415, 3.7879427040773415]
Thrust_0: -80.22041200791206
Thrust_1: -40.12828355725607

[-11.224611505809658, 7.728024138734653, 0.0, 0.0058124825015005745, 0.013792780516967236, 0.35716683474815386, 0.09151007169013152, -0.6710749184148492, 0.003104586938330267, 0.0403773995637433, -0.010064208855631415, 3.7879427040773415]
Thrust_0: -80.32977550011854
Thrust_1: -40.10652877896835

[-11.224611505809658, 8.276944961134742, 0.0, 0.0058124825015005745, 0.013792780516967236, 0.35716683474815386, 0.09151007169013152, -0.6710749184148492, 0.003104586938330267, 0.0403773995637433, -0.010064208855631415, 3.7879427040773415]
Thrust_0: -80.2653390481231
Thrust_1: -40.12491492763049

[-11.224611505809658, 7.728024138734653, 0.0, 0.005905942155308582, 0.013792780516967236, 0.35716683474815386, 0.09151007169013152, -0.6710749184148492, 0.003104586938330267, 0.0403773995637433, -0.010064208855631415, 3.7879427040773415]
Thrust_0: -80.31763841076246
Thrust_1: -40.10847633343843

[-11.224611505809658, 6.70396212339081, 0.0, 0.005704918401366924, 0.01567781434275522, 0.35716683474815386, 0.09151007169013152, -0.6710749184148492, 0.003104586938330267, 0.0403773995637433, -0.010064208855631415, 3.7879427040773415]
Thrust_0: -71.21124247757633
Thrust_1: -58.11800104018605

[-8.105152557392437, 7.676103736287472, 0.0, 0.004994070088208548, 0.01472329669442811, 0.3774333132653782, 0.08522345605296047, -0.6152986778589169, 0.002430681416907733, 0.0403773995637433, -0.00912260102944313, 3.7879427040773415]
Thrust_0: -70.75777795942518
Thrust_1: -62.34522639872219

[-11.871006445170192, 8.608930586601105, 0.0, 0.005704918401366924, 0.013792780516967236, 0.35716683474815386, 0.09751020438236616, -0.6710749184148492, 0.003104586938330267, 0.0403773995637433, -0.010064208855631415, 3.7879427040773415]
Thrust_0: -74.01517813595454
Thrust_1: -53.861735536608904

[-11.224611505809658, 8.614190096526569, 0.0, 0.0058124825015005745, 0.013792780516967236, 0.3379357165105258, 0.09151007169013152, -0.6710749184148492, 0.003104586938330267, 0.0403773995637433, -0.010064208855631415, 3.7879427040773415]
Thrust_0: -72.67444287133263
Thrust_1: -55.57161649176335

[-11.224611505809658, 7.581652755959989, 0.0, 0.0069723027258022634, 0.013792780516967236, 0.3379357165105258, 0.09151007169013152, -0.6710749184148492, 0.003104586938330267, 0.0403773995637433, -0.010064208855631415, 3.7879427040773415]
Thrust_0: -72.48795402028924
Thrust_1: -55.87836080576783

[-11.871006445170192, 7.676103736287472, 0.0, 0.0058124825015005745, 0.013792780516967236, 0.3379357165105258, 0.09751020438236616, -0.6710749184148492, 0.003104586938330267, 0.0403773995637433, -0.010064208855631415, 3.7879427040773415]
Thrust_0: -72.42036620781502
Thrust_1: -57.48656992493255

[-11.871006445170192, 7.581652755959989, 0.0, 0.0069723027258022634, 0.013792780516967236, 0.3379357165105258, 0.09151007169013152, -0.6152986778589169, 0.003104586938330267, 0.0403773995637433, -0.010064208855631415, 3.7879427040773415]
Thrust_0: -75.16196638556426
Thrust_1: -53.73099783992779

[-11.871006445170192, 8.189636887144426, 0.0, 0.0058124825015005745, 0.0134115047475822, 0.3379357165105258, 0.09151007169013152, -0.6152986778589169, 0.003104586938330267, 0.0403773995637433, -0.010064208855631415, 3.7879427040773415]
Thrust_0: -75.36616248814192
Thrust_1: -53.69946244108221

[-11.224611505809658, 8.246115344990212, 0.0, 0.006970010924407681, 0.013578740764689904, 0.35716683474815386, 0.09151007169013152, -0.6710749184148492, 0.003104586938330267, 0.0403773995637433, -0.010064208855631415, 3.7879427040773415]
Thrust_0: -78.86665543901336
Thrust_1: -40.225399107047835

[-11.224611505809658, 8.246115344990212, 0.0, 0.005704918401366924, 0.013792780516967236, 0.35716683474815386, 0.09151007169013152, -0.6710749184148492, 0.003104586938330267, 0.0403773995637433, -0.010064208855631415, 3.7879427040773415]
Thrust_0: -79.54826604130143
Thrust_1: -40.12840149337098

