NACA 0018 Airfoil M=0.0% P=0.0% T=18.0%
  1.000000  0.001890
  0.998459  0.002214
  0.993844  0.003181
  0.986185  0.004773
  0.975528  0.006964
  0.961940  0.009716
  0.945503  0.012987
  0.926320  0.016724
  0.904508  0.020871
  0.880203  0.025371
  0.853553  0.030161
  0.824724  0.035178
  0.793893  0.040358
  0.761249  0.045635
  0.726995  0.050944
  0.691342  0.056214
  0.654508  0.061376
  0.616723  0.066355
  0.578217  0.071074
  0.539230  0.075454
  0.500000  0.079410
  0.460770  0.082861
  0.421783  0.085722
  0.383277  0.087914
  0.345492  0.089362
  0.308658  0.090000
  0.273005  0.089772
  0.238751  0.088638
  0.206107  0.086571
  0.175276  0.083564
  0.146447  0.079625
  0.119797  0.074781
  0.095492  0.069073
  0.073680  0.062558
  0.054497  0.055300
  0.038060  0.047370
  0.024472  0.038840
  0.013815  0.029781
  0.006156  0.020255
  0.001541  0.010315
  0.000000  0.000000
  0.001541 -0.010315
  0.006156 -0.020255
  0.013815 -0.029781
  0.024472 -0.038840
  0.038060 -0.047370
  0.054497 -0.055300
  0.073680 -0.062558
  0.095492 -0.069073
  0.119797 -0.074781
  0.146447 -0.079625
  0.175276 -0.083564
  0.206107 -0.086571
  0.238751 -0.088638
  0.273005 -0.089772
  0.308658 -0.090000
  0.345492 -0.089362
  0.383277 -0.087914
  0.421783 -0.085722
  0.460770 -0.082861
  0.500000 -0.079410
  0.539230 -0.075454
  0.578217 -0.071074
  0.616723 -0.066355
  0.654508 -0.061376
  0.691342 -0.056214
  0.726995 -0.050944
  0.761249 -0.045635
  0.793893 -0.040358
  0.824724 -0.035178
  0.853553 -0.030161
  0.880203 -0.025371
  0.904508 -0.020871
  0.926320 -0.016724
  0.945503 -0.012987
  0.961940 -0.009716
  0.975528 -0.006964
  0.986185 -0.004773
  0.993844 -0.003181
  0.998459 -0.002214
  1.000000 -0.001890