Velocities:
[0.0, 1.0, 2.0, 3.0, 4.0, 5.0, 6.0, 7.0, 8.0, 9.0, 10.0, 11.0, 12.0, 13.0, 14.0, 15.0, 16.0, 17.0, 18.0, 19.0, 20.0]

rpm:
[2000.0, 2000.0, 2000.0, 2000.0, 2000.0, 2000.0, 2000.0, 2000.0, 2000.0, 2000.0, 2000.0, 2000.0, 2000.0, 2000.0, 2000.0, 2000.0, 2000.0, 2000.0, 2000.0, 2000.0, 2000.0]

DBeta:
[0.0, 0.0, 0.0, 0.0, 0.0, 0.0, 0.0, 0.0, 0.0, 0.0, 0.0, 0.0, 0.0, 0.0, 0.0, 0.0, 0.0, 0.0, 0.0, 0.0, 0.0]

Thrust:
[44.44, 42.99, 41.35, 39.52, 37.52, 35.33, 32.99, 30.52, 27.91, 25.17, 22.3, 19.29, 16.13, 12.83, 9.393, 5.801, 2.188, -0.54, -1.912, -2.354, -2.847]

Torque:
[2.076, 2.074, 2.061, 2.039, 2.006, 1.96, 1.904, 1.836, 1.756, 1.664, 1.559, 1.44, 1.305, 1.155, 0.9873, 0.8018, 0.6263, 0.5714, 0.6749, 0.7734, 0.8763]

Power_at_shaft:
[434.9, 434.5, 431.6, 427.0, 420.1, 410.5, 398.7, 384.5, 367.8, 348.5, 326.5, 301.6, 273.3, 241.8, 206.8, 167.9, 131.2, 119.7, 141.3, 162.0, 183.5]

Volts:
[12.572, 12.57, 12.557, 12.536, 12.504, 12.461, 12.407, 12.342, 12.266, 12.178, 12.078, 11.964, 11.835, 11.691, 11.532, 11.354, 11.187, 11.134, 11.233, 11.327, 11.426]

Amps:
[42.6148, 42.5734, 42.3045, 41.8604, 41.2049, 40.3012, 39.1747, 37.8269, 36.2372, 34.4094, 32.3219, 29.9477, 27.263, 24.2737, 20.9435, 17.2532, 13.7606, 12.6692, 14.7274, 16.6887, 18.735]

effmot:
[0.8118, 0.8119, 0.8125, 0.8136, 0.8153, 0.8175, 0.8203, 0.8236, 0.8274, 0.8317, 0.8365, 0.8417, 0.847, 0.8521, 0.8562, 0.8572, 0.8521, 0.8484, 0.8544, 0.8569, 0.8574]

effprop:
[0.0, 0.099, 0.1916, 0.2777, 0.3573, 0.4303, 0.4965, 0.5556, 0.6071, 0.6499, 0.6829, 0.7036, 0.708, 0.6894, 0.636, 0.5182, 0.2669, -0.0767, -0.2435, -0.2761, -0.3103]

adv:
[0.0, 2e-05, 3e-05, 5e-05, 6e-05, 8e-05, 9e-05, 0.00011, 0.00013, 0.00014, 0.00016, 0.00017, 0.00019, 0.00021, 0.00022, 0.00024, 0.00025, 0.00027, 0.00028, 0.0003, 0.00032]

CT:
[6.307e-14, 6.102e-14, 5.869e-14, 5.609e-14, 5.325e-14, 5.015e-14, 4.683e-14, 4.331e-14, 3.961e-14, 3.572e-14, 3.165e-14, 2.738e-14, 2.289e-14, 1.82e-14, 1.333e-14, 8.234e-15, 3.105e-15, -7.665e-16, -2.714e-15, -3.341e-15, -4.042e-15]

CP:
[9.751e-18, 9.741e-18, 9.678e-18, 9.573e-18, 9.418e-18, 9.205e-18, 8.939e-18, 8.621e-18, 8.246e-18, 7.814e-18, 7.322e-18, 6.761e-18, 6.128e-18, 5.422e-18, 4.636e-18, 3.765e-18, 2.941e-18, 2.683e-18, 3.169e-18, 3.632e-18, 4.115e-18]

DV:
[0.0159, 0.0001, 0.0001, 0.0, 0.0, 0.0, 0.0, 0.0, 0.0, 0.0, 0.0, 0.0, 0.0, 0.0, 0.0, 0.0, 0.0, 0.0, 0.0, 0.0, 0.0]

eff:
[0.0, 0.0803, 0.1557, 0.2259, 0.2913, 0.3518, 0.4073, 0.4575, 0.5023, 0.5406, 0.5713, 0.5922, 0.5997, 0.5875, 0.5445, 0.4442, 0.2274, -0.0651, -0.2081, -0.2366, -0.266]

Power:
[535.7, 535.1, 531.2, 524.7, 515.2, 502.2, 486.0, 466.9, 444.5, 419.0, 390.4, 358.3, 322.7, 283.8, 241.5, 195.9, 153.9, 141.1, 165.4, 189.0, 214.1]

Pprop:
[0.0, 42.99, 82.7, 118.6, 150.1, 176.7, 197.9, 213.6, 223.2, 226.5, 223.0, 212.2, 193.5, 166.7, 131.5, 87.02, 35.0, -9.181, -34.42, -44.72, -56.95]

cl_avg:
[1.3148, 1.2655, 1.2098, 1.1484, 1.0819, 1.01, 0.9342, 0.8557, 0.7747, 0.6917, 0.6069, 0.5202, 0.4318, 0.3425, 0.2527, 0.162, 0.0771, 0.0211, 0.0003, 0.0, 0.0]

cd_avg:
[0.03655, 0.03246, 0.02851, 0.02555, 0.02307, 0.02109, 0.0199, 0.01921, 0.01908, 0.01974, 0.02113, 0.02339, 0.02655, 0.0308, 0.03581, 0.04203, 0.05248, 0.0695, 0.08922, 0.1021, 0.1157]

