[-44.00819590229274, -26.92987974191645]
Solutions found by the NSGA2 for conditions below:
10
18


[-8.473504774113305, 8.342146159463024, 0.0, 0.006408371043417592, 0.013410723883993877, 0.3418674918579543, 0.0873385062768694, -0.6348366456867229, 0.0024136581191817044, 0.037949746556473735, -0.008419483852890283, 3.233293004865212]
Thrust_0: -49.54552677414232
Thrust_1: -24.16974130962971

[-8.771631018574455, 5.981998970225419, 0.0, 0.005529617001183482, 0.01287197779053775, 0.3418674918579543, 0.0873385062768694, -0.6348366456867229, 0.0024136581191817044, 0.037949746556473735, -0.008419483852890283, 3.233293004865212]
Thrust_0: -48.69667789846795
Thrust_1: -24.433046334871932

[-8.048496046066832, 5.8860094330240385, 0.0, 0.005425453180196773, 0.013923367538985916, 0.3418674918579543, 0.0873385062768694, -0.6348366456867229, 0.0024136581191817044, 0.037949746556473735, -0.008419483852890283, 3.233293004865212]
Thrust_0: -47.989205904413446
Thrust_1: -24.578012117569827

[-8.473504774113305, 8.235923600863712, 0.0, 0.006408371043417592, 0.013923367538985916, 0.3418674918579543, 0.0873385062768694, -0.6264490236360034, 0.0024136581191817044, 0.037949746556473735, -0.008419483852890283, 3.233293004865212]
Thrust_0: -48.93881322578953
Thrust_1: -24.312028009830435

[-8.771631018574455, 8.235923600863712, 0.0, 0.005425453180196773, 0.013410723883993877, 0.3418674918579543, 0.0873385062768694, -0.6348366456867229, 0.0024136581191817044, 0.037949746556473735, -0.008419483852890283, 3.233293004865212]
Thrust_0: -49.42739429689832
Thrust_1: -24.18841454333084

[-8.048496046066832, 5.981998970225419, 0.0, 0.005425453180196773, 0.01322676506728996, 0.3418674918579543, 0.0873385062768694, -0.6348366456867229, 0.0024136581191817044, 0.037949746556473735, -0.008419483852890283, 3.233293004865212]
Thrust_0: -47.94649496158981
Thrust_1: -24.596545998621426

[-8.473504774113305, 8.342146159463024, 0.0, 0.005425453180196773, 0.013410723883993877, 0.3418674918579543, 0.0873385062768694, -0.6348366456867229, 0.0024136581191817044, 0.037949746556473735, -0.008419483852890283, 3.233293004865212]
Thrust_0: -48.91170758795446
Thrust_1: -24.31683667724884

[-8.771631018574455, 7.0493048044824596, 0.0, 0.006408371043417592, 0.013410723883993877, 0.3418674918579543, 0.0873385062768694, -0.6348366456867229, 0.0024136581191817044, 0.037949746556473735, -0.008419483852890283, 3.233293004865212]
Thrust_0: -48.83651380471523
Thrust_1: -24.3496425178996

[-8.771631018574455, 7.0493048044824596, 0.0, 0.005652392433875226, 0.013410723883993877, 0.3418674918579543, 0.0873385062768694, -0.6348366456867229, 0.0024136581191817044, 0.037949746556473735, -0.008419483852890283, 3.233293004865212]
Thrust_0: -48.80543864596034
Thrust_1: -24.43090635091029

[-8.473504774113305, 8.235923600863712, 0.0, 0.005570127855510188, 0.013410723883993877, 0.3418674918579543, 0.0873385062768694, -0.6348366456867229, 0.0024136581191817044, 0.037949746556473735, -0.008419483852890283, 3.233293004865212]
Thrust_0: -48.84937995046327
Thrust_1: -24.330990359285508

[-8.473504774113305, 8.342146159463024, 0.0, 0.005570127855510188, 0.013410723883993877, 0.3418674918579543, 0.0873385062768694, -0.6348366456867229, 0.0024136581191817044, 0.037949746556473735, -0.008419483852890283, 3.233293004865212]
Thrust_0: -48.84583658303199
Thrust_1: -24.33980960840565

[-8.473504774113305, 8.342146159463024, 0.0, 0.0069081039140841535, 0.013410723883993877, 0.3418674918579543, 0.0873385062768694, -0.6348366456867229, 0.0024136581191817044, 0.037949746556473735, -0.008419483852890283, 3.233293004865212]
Thrust_0: -49.54464392199006
Thrust_1: -24.13180785037186

[-9.314704376917586, 7.014932209322606, 0.0, 0.007000014978951627, 0.013923367538985916, 0.3418674918579543, 0.0873385062768694, -0.6348366456867229, 0.0024136581191817044, 0.037949746556473735, -0.008419483852890283, 3.233293004865212]
Thrust_0: -49.3306686995753
Thrust_1: -24.147053125235484

[-8.473504774113305, 5.981998970225419, 0.0, 0.005529617001183482, 0.01576249687365578, 0.3418674918579543, 0.0873385062768694, -0.6348366456867229, 0.0024136581191817044, 0.037949746556473735, -0.008419483852890283, 3.233293004865212]
Thrust_0: -47.23800308253695
Thrust_1: -24.725282844576363

[-8.473504774113305, 8.235923600863712, 0.0, 0.005425453180196773, 0.013410723883993877, 0.3418674918579543, 0.0873385062768694, -0.6348366456867229, 0.0024136581191817044, 0.037949746556473735, -0.008419483852890283, 3.233293004865212]
Thrust_0: -48.854774885599205
Thrust_1: -24.28024767480168

[-8.048496046066832, 5.8860094330240385, 0.0, 0.005425453180196773, 0.01322676506728996, 0.3418674918579543, 0.0873385062768694, -0.6348366456867229, 0.0024136581191817044, 0.037949746556473735, -0.008419483852890283, 3.233293004865212]
Thrust_0: -47.92053754688596
Thrust_1: -24.662788508472833

[-8.771631018574455, 6.581530524636668, 0.0, 0.006649259764759532, 0.01576249687365578, 0.3418674918579543, 0.0873385062768694, -0.6348366456867229, 0.0024136581191817044, 0.037949746556473735, -0.008419483852890283, 3.233293004865212]
Thrust_0: -47.16807532383187
Thrust_1: -24.76279733360948

[-8.771631018574455, 5.981998970225419, 0.0, 0.0051542755092593845, 0.01576249687365578, 0.3418674918579543, 0.0873385062768694, -0.6348366456867229, 0.0024136581191817044, 0.037949746556473735, -0.008419483852890283, 3.233293004865212]
Thrust_0: -47.129341837809406
Thrust_1: -24.81373017427249

[-8.839021342210904, 5.981998970225419, 0.0, 0.005425453180196773, 0.01322676506728996, 0.3418674918579543, 0.0873385062768694, -0.6348366456867229, 0.0024136581191817044, 0.037949746556473735, -0.008419483852890283, 3.233293004865212]
Thrust_0: -48.74079669834617
Thrust_1: -24.4303916694262

[-8.473504774113305, 5.872196401254656, 0.0, 0.005570127855510188, 0.012874507579408025, 0.3418674918579543, 0.0873385062768694, -0.6348366456867229, 0.0024136581191817044, 0.037949746556473735, -0.008419483852890283, 3.233293004865212]
Thrust_0: -48.78969105183845
Thrust_1: -24.36148292221711

