[-29.410366036065074, -32.98855833649649]
Solutions found by the NSGA2 for conditions below:
18
10


[-8.020431403156127, 8.55035323378843, 0.0, 0.005368626855235957, 0.012676609493522476, 0.32590997448808706, 0.1044350780625752, -0.7412647110390512, 0.0026698025870395712, 0.0430602814899168, -0.009778902599183665, 3.428846182508738]
Thrust_0: -31.95506779829141
Thrust_1: -45.216561569328086

[-8.020431403156127, 7.308609025932783, 0.0, 0.004881320125025786, 0.01161478910976159, 0.32590997448808706, 0.07979597542803167, -0.5919699354660644, 0.0026698025870395712, 0.0430602814899168, -0.009778902599183665, 3.428846182508738]
Thrust_0: -34.13123441822816
Thrust_1: -34.87561613940728

[-10.042119452733505, 8.599265503952005, 0.0, 0.006520565203703618, 0.010962744475508109, 0.3283920742621376, 0.07628618600930279, -0.6274277195739371, 0.002623507987560101, 0.040753139653930556, -0.009278203154287807, 3.4046629364646863]
Thrust_0: -34.073179835762886
Thrust_1: -35.45616274315578

[-8.020431403156127, 7.032511763326541, 0.0, 0.004881320125025786, 0.01161478910976159, 0.32590997448808706, 0.09693313483423927, -0.7374728269231541, 0.0026698025870395712, 0.0430602814899168, -0.009778902599183665, 3.428846182508738]
Thrust_0: -32.099410872297724
Thrust_1: -40.333414694886535

[-8.020431403156127, 7.032511763326541, 0.0, 0.005820906237400189, 0.013217372420921853, 0.32590997448808706, 0.10062386577686895, -0.7374728269231541, 0.0026698025870395712, 0.0430602814899168, -0.009778902599183665, 3.428846182508738]
Thrust_0: -31.99205129713769
Thrust_1: -41.823310785930474

[-8.020431403156127, 7.032511763326541, 0.0, 0.004881320125025786, 0.01161478910976159, 0.32590997448808706, 0.07979597542803167, -0.5919699354660644, 0.0026698025870395712, 0.0430602814899168, -0.009778902599183665, 3.428846182508738]
Thrust_0: -34.10638673348354
Thrust_1: -34.925691556622596

[-8.020431403156127, 8.464460955223124, 0.0, 0.004881320125025786, 0.01161478910976159, 0.32590997448808706, 0.09949346599237499, -0.7276999538618002, 0.0026698025870395712, 0.0430602814899168, -0.009778902599183665, 3.428846182508738]
Thrust_0: -32.03454446004206
Thrust_1: -41.81068385329592

[-8.020431403156127, 6.766977651945511, 0.0, 0.004881320125025786, 0.01161478910976159, 0.32590997448808706, 0.0972071929331088, -0.7374728269231541, 0.0026698025870395712, 0.0430602814899168, -0.009778902599183665, 3.428846182508738]
Thrust_0: -32.09021594630623
Thrust_1: -40.889542130161374

[-8.612959601348683, 7.643733548568649, 0.0, 0.005368626855235957, 0.01161478910976159, 0.32590997448808706, 0.09693313483423927, -0.7374728269231541, 0.0026698025870395712, 0.0430602814899168, -0.009778902599183665, 3.428846182508738]
Thrust_0: -32.07126040916209
Thrust_1: -41.28061608971515

[-8.020431403156127, 6.855468954981454, 0.0, 0.004881320125025786, 0.01161478910976159, 0.32590997448808706, 0.09693313483423927, -0.7374728269231541, 0.0026698025870395712, 0.0430602814899168, -0.009778902599183665, 3.428846182508738]
Thrust_0: -32.09818471622806
Thrust_1: -40.47182931955608

[-8.020431403156127, 8.55035323378843, 0.0, 0.00635910253335404, 0.01161478910976159, 0.32590997448808706, 0.0972071929331088, -0.7374728269231541, 0.0026698025870395712, 0.0430602814899168, -0.009778902599183665, 3.428846182508738]
Thrust_0: -32.080950242030475
Thrust_1: -41.228835748638794

[-8.020431403156127, 7.785835711514318, 0.0, 0.004881320125025786, 0.01161478910976159, 0.32590997448808706, 0.09693313483423927, -0.7276999538618002, 0.0026698025870395712, 0.0430602814899168, -0.009778902599183665, 3.428846182508738]
Thrust_0: -32.08457960725838
Thrust_1: -41.101501957849656

[-8.020431403156127, 6.766977651945511, 0.0, 0.004881320125025786, 0.01161478910976159, 0.32590997448808706, 0.09693313483423927, -0.7374728269231541, 0.0026698025870395712, 0.0430602814899168, -0.009778902599183665, 3.428846182508738]
Thrust_0: -32.098283478433615
Thrust_1: -40.3633599734818

[-8.020431403156127, 8.464460955223124, 0.0, 0.00635910253335404, 0.01161478910976159, 0.32590997448808706, 0.0972071929331088, -0.7374728269231541, 0.0026698025870395712, 0.0430602814899168, -0.009778902599183665, 3.428846182508738]
Thrust_0: -32.08147445123454
Thrust_1: -41.22169171800989

[-8.020431403156127, 8.55035323378843, 0.0, 0.00609749192019959, 0.013742532596943115, 0.32590997448808706, 0.1044350780625752, -0.7230922274750248, 0.0026698025870395712, 0.0430602814899168, -0.009778902599183665, 3.428846182508738]
Thrust_0: -31.949350987885598
Thrust_1: -43.57353737564156

[-10.042119452733505, 7.420687159821691, 0.0, 0.006520565203703618, 0.010962744475508109, 0.3283920742621376, 0.07628618600930279, -0.6274277195739371, 0.002623507987560101, 0.040753139653930556, -0.009278203154287807, 3.4046629364646863]
Thrust_0: -34.05408371603077
Thrust_1: -35.45290548994906

[-8.909147813978137, 7.0641469712285385, 0.0, 0.005511785417377808, 0.013742532596943115, 0.33035899853222944, 0.10299436983458277, -0.7006164348971429, 0.002623507987560101, 0.040753139653930556, -0.009278203154287807, 3.4046629364646863]
Thrust_0: -31.553427150711677
Thrust_1: -45.185547891340086

[-8.020431403156127, 7.032511763326541, 0.0, 0.004881320125025786, 0.01161478910976159, 0.32590997448808706, 0.1014866153553966, -0.7374728269231541, 0.0026698025870395712, 0.0430602814899168, -0.009778902599183665, 3.428846182508738]
Thrust_0: -31.983923079349395
Thrust_1: -41.533541916366495

[-8.020431403156127, 8.464460955223124, 0.0, 0.004881320125025786, 0.01161478910976159, 0.32590997448808706, 0.09693313483423927, -0.7276999538618002, 0.0026698025870395712, 0.0430602814899168, -0.009778902599183665, 3.428846182508738]
Thrust_0: -32.086588615840824
Thrust_1: -40.58543569134033

[-8.020431403156127, 7.746637922446016, 0.0, 0.005368626855235957, 0.011076212573448607, 0.32590997448808706, 0.09949346599237499, -0.7276999538618002, 0.0026698025870395712, 0.0430602814899168, -0.009778902599183665, 3.428846182508738]
Thrust_0: -32.02272542370131
Thrust_1: -41.211982455094585

[-8.020431403156127, 8.089263015057426, 0.0, 0.005361009111668414, 0.01161478910976159, 0.32590997448808706, 0.0972071929331088, -0.7230922274750248, 0.0026698025870395712, 0.0430602814899168, -0.009778902599183665, 3.428846182508738]
Thrust_0: -32.07500916431632
Thrust_1: -41.1408917811768

[-8.020431403156127, 8.464460955223124, 0.0, 0.004881320125025786, 0.01161478910976159, 0.32590997448808706, 0.07979597542803167, -0.5919699354660644, 0.0026698025870395712, 0.0430602814899168, -0.009778902599183665, 3.428846182508738]
Thrust_0: -34.100169232087836
Thrust_1: -34.920088916195105

[-8.020431403156127, 8.089263015057426, 0.0, 0.005602784448575109, 0.01161478910976159, 0.32590997448808706, 0.09693313483423927, -0.7374728269231541, 0.0026698025870395712, 0.0430602814899168, -0.009778902599183665, 3.428846182508738]
Thrust_0: -32.091800928592306
Thrust_1: -40.45102828197316

[-8.020431403156127, 8.089263015057426, 0.0, 0.005368626855235957, 0.01161478910976159, 0.32590997448808706, 0.09693313483423927, -0.7374728269231541, 0.0026698025870395712, 0.0430602814899168, -0.009778902599183665, 3.428846182508738]
Thrust_0: -32.09529098934238
Thrust_1: -40.316314337455836

[-8.020431403156127, 7.785835711514318, 0.0, 0.0058906551691018235, 0.01161478910976159, 0.32590997448808706, 0.0972071929331088, -0.7374728269231541, 0.0026698025870395712, 0.0430602814899168, -0.009778902599183665, 3.428846182508738]
Thrust_0: -32.08527028223226
Thrust_1: -40.64565145845184

