[0, 0]
Solutions found by the NSGA2 for conditions below:
0
18


[-8.981040949105376, 7.1731486591243305, 0.0, 0.007008792526431283, 0.01267266000260794, 0.3568473626718274, 0.09629077913653229, -0.6661956070409193, 0.0033018972607335257, 0.050925877991083536, -0.012019774422807366, 3.1989430960371115]
Thrust_0: -79.84807942628059
Thrust_1: -23.996213508119578

[-9.079768655244056, 7.666824169736993, 0.0, 0.00710353563044501, 0.01267266000260794, 0.3568473626718274, 0.09629077913653229, -0.6661956070409193, 0.0033018972607335257, 0.050925877991083536, -0.012019774422807366, 3.1989430960371115]
Thrust_0: -79.76554245636736
Thrust_1: -24.903430060823514

[-8.981040949105376, 8.553894022902142, 0.0, 0.00710353563044501, 0.01267266000260794, 0.3568473626718274, 0.09629077913653229, -0.6661956070409193, 0.0033018972607335257, 0.050925877991083536, -0.012019774422807366, 3.1989430960371115]
Thrust_0: -79.65774449255996
Thrust_1: -25.053831543684097

[-9.079768655244056, 7.666824169736993, 0.0, 0.00710353563044501, 0.013103707148226746, 0.3568473626718274, 0.09629077913653229, -0.6661956070409193, 0.0033018972607335257, 0.050925877991083536, -0.012019774422807366, 3.1989430960371115]
Thrust_0: -79.82648634276552
Thrust_1: -23.375802646299817

[-9.640533995274808, 8.410498704719778, 0.0, 0.005658090871011543, 0.013103707148226746, 0.3563276807337307, 0.09494596068189809, -0.6661956070409193, 0.0033018972607335257, 0.050925877991083536, -0.012019774422807366, 3.2034782334686165]
Thrust_0: -79.01873364037688
Thrust_1: -25.234961115943616

[-8.981040949105376, 7.666824169736993, 0.0, 0.00710353563044501, 0.013103707148226746, 0.3568473626718274, 0.09629077913653229, -0.6661956070409193, 0.0033018972607335257, 0.050925877991083536, -0.012019774422807366, 3.1989430960371115]
Thrust_0: -79.30114272936575
Thrust_1: -25.11826741168727

[-8.981040949105376, 7.666824169736993, 0.0, 0.006960230112156695, 0.013103707148226746, 0.3568473626718274, 0.09629077913653229, -0.6661956070409193, 0.0032991760364008294, 0.050925877991083536, -0.012019774422807366, 3.2034782334686165]
Thrust_0: -78.82793746922283
Thrust_1: -25.4913586937454

[-8.981040949105376, 8.410498704719778, 0.0, 0.00710353563044501, 0.013103707148226746, 0.3568473626718274, 0.09494596068189809, -0.6661956070409193, 0.0033018972607335257, 0.050925877991083536, -0.012019774422807366, 3.2034782334686165]
Thrust_0: -79.64436684010325
Thrust_1: -24.949101558199146

[-8.981040949105376, 8.410498704719778, 0.0, 0.005658090871011543, 0.013103707148226746, 0.3568473626718274, 0.09494596068189809, -0.6661956070409193, 0.0033018972607335257, 0.050925877991083536, -0.012019774422807366, 3.2034782334686165]
Thrust_0: -79.34367728295739
Thrust_1: -25.083148655421205

[-8.981040949105376, 8.553894022902142, 0.0, 0.007008792526431283, 0.01267266000260794, 0.3568473626718274, 0.09629077913653229, -0.6661956070409193, 0.0033018972607335257, 0.050925877991083536, -0.012019774422807366, 3.1989430960371115]
Thrust_0: -79.72056708073501
Thrust_1: -24.59144129385581

[-8.981040949105376, 6.462546440837644, 0.0, 0.007053868426826841, 0.013103707148226746, 0.3651448353298208, 0.09454476928530749, -0.6661956070409193, 0.0031225315601074413, 0.04417006765197484, -0.010445950897342987, 3.137528000612836]
Thrust_0: -75.4243055879021
Thrust_1: -25.932067745949514

[-9.079768655244056, 7.021569447082817, 0.0, 0.00594552587395356, 0.012643974920092485, 0.3568473626718274, 0.09454476928530749, -0.6661956070409193, 0.0032991760364008294, 0.050925877991083536, -0.012019774422807366, 3.2034782334686165]
Thrust_0: -76.77987569225847
Thrust_1: -25.66417153635566

[-8.981040949105376, 7.1731486591243305, 0.0, 0.007008792526431283, 0.01267266000260794, 0.3568473626718274, 0.09454476928530749, -0.6661956070409193, 0.0033018972607335257, 0.050925877991083536, -0.012019774422807366, 3.2034782334686165]
Thrust_0: -77.99992657479889
Thrust_1: -25.34933556138257

[-9.379751660309477, 7.1731486591243305, 0.0, 0.00648131642405906, 0.01267266000260794, 0.3568473626718274, 0.09629077913653229, -0.673395407037716, 0.0033018972607335257, 0.050925877991083536, -0.012019774422807366, 3.1989430960371115]
Thrust_0: -77.41797179209283
Thrust_1: -25.4463557449826

[-8.355485189935795, 8.553894022902142, 0.0, 0.00710353563044501, 0.01267266000260794, 0.3568473626718274, 0.09629077913653229, -0.6661956070409193, 0.0033018972607335257, 0.050925877991083536, -0.012019774422807366, 3.1989430960371115]
Thrust_0: -79.51235503074456
Thrust_1: -24.57215766200836

[-8.981040949105376, 7.939300015634534, 0.0, 0.007005499204418106, 0.013120512762179761, 0.3568473626718274, 0.09494596068189809, -0.673395407037716, 0.0033018972607335257, 0.050925877991083536, -0.012019774422807366, 3.2034782334686165]
Thrust_0: -76.90626525337473
Thrust_1: -25.48929670158721

[-9.079768655244056, 8.553894022902142, 0.0, 0.00710353563044501, 0.013103707148226746, 0.3568473626718274, 0.09454476928530749, -0.6661956070409193, 0.0033018972607335257, 0.050925877991083536, -0.012019774422807366, 3.2034782334686165]
Thrust_0: -78.95275925249345
Thrust_1: -25.155307260999585

[-9.379751660309477, 7.1731486591243305, 0.0, 0.007008792526431283, 0.01267266000260794, 0.3568473626718274, 0.09629077913653229, -0.6675788486126395, 0.0033018972607335257, 0.050925877991083536, -0.012019774422807366, 3.1989430960371115]
Thrust_0: -79.66318592099027
Thrust_1: -24.029908792411383

[-8.981040949105376, 8.553894022902142, 0.0, 0.007008792526431283, 0.013103707148226746, 0.3568473626718274, 0.09629077913653229, -0.6661956070409193, 0.0033018972607335257, 0.050925877991083536, -0.012019774422807366, 3.1989430960371115]
Thrust_0: -79.7923656577361
Thrust_1: -23.357723495199984

[-8.981040949105376, 7.666824169736993, 0.0, 0.004851658250754253, 0.015973427070949564, 0.3568473626718274, 0.09629077913653229, -0.6661956070409193, 0.0032991760364008294, 0.050925877991083536, -0.012019774422807366, 3.1989430960371115]
Thrust_0: -74.79196269459212
Thrust_1: -25.87972295571549

