[-8.819118706901431, 7.735324582570403, 0.0, 0.006911740313683225, 0.012647369458596564, 0.36209846941768237, 0.09370738536308178, -0.5812769455264677, 0.003264299692034803, 0.0481503576816822, -0.01113956526621508, 2.779563304751067]
Thrust_0: -47.82375284225991
Thrust_1: -28.9431659372413

[-9.41028247383937, 7.453857300853777, 0.0, 0.0053004545664814655, 0.013111160750805668, 0.3381457736673474, 0.08677895350751354, -0.6417759024524288, 0.0024588093862761887, 0.04113585962345012, -0.009173766518244303, 3.5341139252292693]
Thrust_0: -49.719376921821606
Thrust_1: -23.95768203425383

[-9.41028247383937, 8.196544193517724, 0.0, 0.0053004545664814655, 0.013111160750805668, 0.3381457736673474, 0.08677895350751354, -0.6417759024524288, 0.0024588093862761887, 0.04113585962345012, -0.009173766518244303, 3.5341139252292693]
Thrust_0: -49.636516977205574
Thrust_1: -23.931004165348018

[-9.265888472853641, 8.31371613122503, 0.0, 0.006815726963982246, 0.014612400126867878, 0.34273305356382044, 0.08954008865952673, -0.7395866750956248, 0.003264299692034803, 0.0481503576816822, -0.01113956526621508, 2.779563304751067]
Thrust_0: -43.13130821832396
Thrust_1: -27.67291584523537

[-8.662292087013263, 8.37588200535389, 0.0, 0.006030845448907248, 0.011928615805252729, 0.34312065808332515, 0.08314768985997972, -0.6309052940864658, 0.003270615106031155, 0.047016460627183426, -0.011080924197875859, 3.00582258178255]
Thrust_0: -47.56011131636996
Thrust_1: -26.589737743037006

[-9.037507107358751, 8.31371613122503, 0.0, 0.0053004545664814655, 0.014612400126867878, 0.34273305356382044, 0.08050525682039038, -0.5812769455264677, 0.002475022601040096, 0.05042657196156782, -0.010313161249001798, 2.779563304751067]
Thrust_0: -47.36864911279635
Thrust_1: -26.691354647297665

[-8.312815066515125, 8.31371613122503, 0.0, 0.006815726963982246, 0.014612400126867878, 0.34273305356382044, 0.08954008865952673, -0.7066137741006703, 0.003264299692034803, 0.0481503576816822, -0.01113956526621508, 2.779563304751067]
Thrust_0: -43.27719748660802
Thrust_1: -27.633762111303948

[-8.819118706901431, 7.735324582570403, 0.0, 0.0070451036478232, 0.014612400126867878, 0.3625693357026943, 0.09140762358525487, -0.5812769455264677, 0.003264299692034803, 0.0481503576816822, -0.01113956526621508, 2.779563304751067]
Thrust_0: -46.10735451221016
Thrust_1: -27.020845734221073

[-8.071415718483594, 8.59318940878983, 0.0, 0.006911740313683225, 0.015992738178061888, 0.36209846941768237, 0.09370738536308178, -0.5812769455264677, 0.0034823524522107872, 0.05028331218149079, -0.011820973327113153, 2.779563304751067]
Thrust_0: -46.42829685821554
Thrust_1: -26.984282290892747

[-9.037507107358751, 8.31371613122503, 0.0, 0.006815726963982246, 0.014612400126867878, 0.34273305356382044, 0.08420144118953644, -0.7066137741006703, 0.003264299692034803, 0.0481503576816822, -0.01113956526621508, 2.785518962611631]
Thrust_0: -43.97608401716753
Thrust_1: -27.544764467358043

[-8.819118706901431, 7.735324582570403, 0.0, 0.0070451036478232, 0.014612400126867878, 0.3625693357026943, 0.08954008865952673, -0.5812769455264677, 0.003264299692034803, 0.0481503576816822, -0.01113956526621508, 2.779563304751067]
Thrust_0: -46.0249847540353
Thrust_1: -27.037529922128208

[-9.265888472853641, 7.282523448045953, 0.0, 0.005742019632145422, 0.013994693446156893, 0.34273305356382044, 0.08050525682039038, -0.5573633436753684, 0.003264299692034803, 0.0481503576816822, -0.01113956526621508, 2.779563304751067]
Thrust_0: -44.39187684811505
Thrust_1: -27.387000578220345

[-9.265888472853641, 6.294443929293998, 0.0, 0.006911740313683225, 0.015992738178061888, 0.36209846941768237, 0.09370738536308178, -0.5826627074030385, 0.003264299692034803, 0.0481503576816822, -0.01113956526621508, 2.779563304751067]
Thrust_0: -46.33180674040792
Thrust_1: -26.995350840840697

[-9.872451960292084, 7.735324582570403, 0.0, 0.007035898395367847, 0.014612400126867878, 0.3625693357026943, 0.08954008865952673, -0.5812769455264677, 0.003264299692034803, 0.0481503576816822, -0.01113956526621508, 2.779563304751067]
Thrust_0: -45.98037769369902
Thrust_1: -27.063938189463943

[-8.312815066515125, 8.31371613122503, 0.0, 0.006815726963982246, 0.014612400126867878, 0.34273305356382044, 0.08954008865952673, -0.7395866750956248, 0.003264299692034803, 0.0481503576816822, -0.01113956526621508, 2.779563304751067]
Thrust_0: -43.145187879966656
Thrust_1: -27.665213652625763

[-9.037507107358751, 6.607613357232922, 0.0, 0.006815726963982246, 0.014824657312649432, 0.34273305356382044, 0.08921614957210358, -0.6309052940864658, 0.003264299692034803, 0.0481503576816822, -0.01113956526621508, 2.785518962611631]
Thrust_0: -47.19642270618371
Thrust_1: -26.940941702478174

[-8.819118706901431, 7.337254174566265, 0.0, 0.0053004545664814655, 0.014056737221209271, 0.3381457736673474, 0.08050525682039038, -0.5812769455264677, 0.0024588093862761887, 0.04113585962345012, -0.009173766518244303, 3.5341139252292693]
Thrust_0: -47.203190139743846
Thrust_1: -26.695554179570667

[-8.515170358793432, 6.40999904743815, 0.0, 0.0053004545664814655, 0.015070434129767411, 0.35868653013298524, 0.08251864680541736, -0.5480871106217133, 0.003252101432363174, 0.05042657196156782, -0.011525908994571165, 2.779563304751067]
Thrust_0: -45.152801905833144
Thrust_1: -27.18010874017736

[-8.312815066515125, 6.1709844783275, 0.0, 0.006815726963982246, 0.014612400126867878, 0.36209846941768237, 0.08954008865952673, -0.5599326155769422, 0.003264299692034803, 0.0481503576816822, -0.01113956526621508, 2.779563304751067]
Thrust_0: -46.09483427995834
Thrust_1: -27.02888182549943

[-8.819118706901431, 6.843915236776509, 0.0, 0.0053004545664814655, 0.014056737221209271, 0.34273305356382044, 0.08050525682039038, -0.5812769455264677, 0.002475022601040096, 0.05042657196156782, -0.010313161249001798, 2.779563304751067]
Thrust_0: -46.88006686661134
Thrust_1: -26.808375735530102

[-8.049312865701976, 7.453857300853777, 0.0, 0.0053004545664814655, 0.013111160750805668, 0.3381457736673474, 0.08677895350751354, -0.6417759024524288, 0.0024588093862761887, 0.04113585962345012, -0.009173766518244303, 3.5341139252292693]
Thrust_0: -47.226582958362904
Thrust_1: -24.47807391917402

[-8.294063120638462, 6.485784592881366, 0.0, 0.005585866324890611, 0.014056737221209271, 0.34273305356382044, 0.08156237474459697, -0.5812769455264677, 0.002475022601040096, 0.05042657196156782, -0.010313161249001798, 2.779563304751067]
Thrust_0: -46.81380869463655
Thrust_1: -26.81855367613234

[-8.819118706901431, 8.31371613122503, 0.0, 0.004960293738238213, 0.014612400126867878, 0.3625693357026943, 0.08954008865952673, -0.5812769455264677, 0.003264299692034803, 0.0481503576816822, -0.01113956526621508, 2.785518962611631]
Thrust_0: -45.85531801394719
Thrust_1: -27.037325560668293

[-8.819118706901431, 6.843915236776509, 0.0, 0.0053004545664814655, 0.014056737221209271, 0.34273305356382044, 0.08050525682039038, -0.5812769455264677, 0.0034823524522107872, 0.05028331218149079, -0.011820973327113153, 2.779563304751067]
Thrust_0: -44.376570640527916
Thrust_1: -27.322912345668346

[-8.049312865701976, 7.337254174566265, 0.0, 0.0053004545664814655, 0.013111160750805668, 0.3381457736673474, 0.08677895350751354, -0.6417759024524288, 0.0024588093862761887, 0.04113585962345012, -0.009173766518244303, 3.5341139252292693]
Thrust_0: -47.06085872087529
Thrust_1: -26.740606151485952

[-8.312815066515125, 8.31371613122503, 0.0, 0.006815726963982246, 0.013121945298759877, 0.34273305356382044, 0.08954008865952673, -0.7066137741006703, 0.003264299692034803, 0.0481503576816822, -0.01113956526621508, 2.779563304751067]
Thrust_0: -43.15579658663518
Thrust_1: -27.591451247552772

[-8.819118706901431, 7.928188193335056, 0.0, 0.0053004545664814655, 0.014056737221209271, 0.3677783529322217, 0.08050525682039038, -0.5812769455264677, 0.0034823524522107872, 0.05028331218149079, -0.011820973327113153, 2.779563304751067]
Thrust_0: -44.44870865455518
Thrust_1: -27.149486839986345

[-9.265888472853641, 8.31371613122503, 0.0, 0.006815726963982246, 0.014612400126867878, 0.34273305356382044, 0.08420144118953644, -0.7066137741006703, 0.003264299692034803, 0.0481503576816822, -0.01113956526621508, 2.785518962611631]
Thrust_0: -43.909966424618304
Thrust_1: -27.533214228348132

[-8.819118706901431, 6.843915236776509, 0.0, 0.0053004545664814655, 0.014056737221209271, 0.3677783529322217, 0.08050525682039038, -0.5812769455264677, 0.0034823524522107872, 0.05028331218149079, -0.011820973327113153, 2.779563304751067]
Thrust_0: -44.48676447242397
Thrust_1: -27.148752792345668

[-8.312815066515125, 8.31371613122503, 0.0, 0.006815726963982246, 0.014612400126867878, 0.34273305356382044, 0.08954008865952673, -0.7066137741006703, 0.003264299692034803, 0.0481503576816822, -0.01113956526621508, 2.785518962611631]
Thrust_0: -43.25063353508543
Thrust_1: -27.55408471674236

[-9.265888472853641, 6.603506626032652, 0.0, 0.006911740313683225, 0.013994693446156893, 0.36209846941768237, 0.09037190681900134, -0.5826627074030385, 0.003264299692034803, 0.0481503576816822, -0.01113956526621508, 2.779563304751067]
Thrust_0: -46.0916127039888
Thrust_1: -27.00373989430322

[-8.819118706901431, 6.843915236776509, 0.0, 0.0053004545664814655, 0.015615454183526199, 0.34273305356382044, 0.08050525682039038, -0.5812769455264677, 0.0034823524522107872, 0.05028331218149079, -0.011820973327113153, 2.779563304751067]
Thrust_0: -44.30744141662107
Thrust_1: -27.37871276344933

[-8.819118706901431, 7.735324582570403, 0.0, 0.007035898395367847, 0.014612400126867878, 0.3625693357026943, 0.08954008865952673, -0.5812769455264677, 0.003264299692034803, 0.0481503576816822, -0.01113956526621508, 2.779563304751067]
Thrust_0: -45.97926571485797
Thrust_1: -27.033665728184687

[-9.882374065210119, 6.225197592924717, 0.0, 0.005729870874409743, 0.014793729036872812, 0.31869931042813476, 0.08436579695982716, -0.7408083924057527, 0.003270615106031155, 0.046421116013928315, -0.010981600585906831, 3.0068985366817125]
Thrust_0: -43.018820054225195
Thrust_1: -27.541094300954406

[-8.071415718483594, 6.603506626032652, 0.0, 0.006911740313683225, 0.012647369458596564, 0.36209846941768237, 0.09370738536308178, -0.6273963883585923, 0.002475022601040096, 0.05042657196156782, -0.010313161249001798, 2.779563304751067]
Thrust_0: -46.73329890580391
Thrust_1: -24.48291603540023

[-8.071415718483594, 7.81760207436076, 0.0, 0.005004081156846548, 0.015042706866334809, 0.36209846941768237, 0.09692733389875448, -0.6055254967370094, 0.0034122458337585916, 0.048251540575879596, -0.011624848119869696, 3.1554643995173692]
Thrust_0: -46.32419093688973
Thrust_1: -26.792150646847208

[-9.265888472853641, 7.282523448045953, 0.0, 0.006815726963982246, 0.014612400126867878, 0.34273305356382044, 0.08050525682039038, -0.5573633436753684, 0.003478793782252236, 0.05028331218149079, -0.011820973327113153, 2.779563304751067]
Thrust_0: -44.14997542894197
Thrust_1: -27.36404804826566

[-8.515170358793432, 6.40999904743815, 0.0, 0.007017230439069454, 0.012647369458596564, 0.3625693357026943, 0.08711931466288113, -0.5685254342099266, 0.003252101432363174, 0.04633978814999785, -0.011525908994571165, 3.9113335284537083]
Thrust_0: -46.66112148134321
Thrust_1: -26.517595659021985

[-8.294063120638462, 7.337598290650078, 0.0, 0.006030845448907248, 0.014824657312649432, 0.34312065808332515, 0.08156237474459697, -0.6309052940864658, 0.003270615106031155, 0.047016460627183426, -0.011080924197875859, 3.00582258178255]
Thrust_0: -44.18360832754544
Thrust_1: -27.24604338055687

[-8.294063120638462, 7.733191495682675, 0.0, 0.005003585194643399, 0.014824657312649432, 0.31869931042813476, 0.08156237474459697, -0.74309282317179, 0.003270615106031155, 0.047016460627183426, -0.011080924197875859, 3.00582258178255]
Thrust_0: -43.717637031540754
Thrust_1: -27.428064961639354

[-8.049312865701976, 7.055600816005899, 0.0, 0.006911740313683225, 0.013111160750805668, 0.3381457736673474, 0.08677895350751354, -0.6417759024524288, 0.0024588093862761887, 0.04113585962345012, -0.009173766518244303, 3.5341139252292693]
Thrust_0: -47.13620000467653
Thrust_1: -24.452600242689474

[-8.401342082218694, 6.843915236776509, 0.0, 0.0053004545664814655, 0.014056737221209271, 0.34273305356382044, 0.08050525682039038, -0.5812769455264677, 0.003478793782252236, 0.05028331218149079, -0.011820973327113153, 2.779563304751067]
Thrust_0: -43.50484397518667
Thrust_1: -27.49327241988303

[-9.265888472853641, 8.31371613122503, 0.0, 0.006815726963982246, 0.014612400126867878, 0.34273305356382044, 0.08954008865952673, -0.6977635617801017, 0.003264299692034803, 0.0481503576816822, -0.01113956526621508, 2.785518962611631]
Thrust_0: -43.0971209469144
Thrust_1: -27.510307959865077

[-10.322662915184011, 6.603506626032652, 0.0, 0.006911740313683225, 0.013994693446156893, 0.36209846941768237, 0.09037190681900134, -0.5826627074030385, 0.0034823524522107872, 0.05028331218149079, -0.011820973327113153, 2.790446964851835]
Thrust_0: -46.63198869694877
Thrust_1: -26.75487386485787

[-9.41028247383937, 7.735324582570403, 0.0, 0.0070451036478232, 0.013111160750805668, 0.3625693357026943, 0.08954008865952673, -0.5812769455264677, 0.003264299692034803, 0.0481503576816822, -0.01113956526621508, 2.779563304751067]
Thrust_0: -45.97507380813958
Thrust_1: -26.97831726107979

[-8.819118706901431, 7.282523448045953, 0.0, 0.0058482952646440965, 0.013994693446156893, 0.34273305356382044, 0.08050525682039038, -0.5812769455264677, 0.0034823524522107872, 0.05028331218149079, -0.011820973327113153, 2.779563304751067]
Thrust_0: -44.173285239743436
Thrust_1: -27.290492798801008

[-8.294063120638462, 7.733191495682675, 0.0, 0.005003585194643399, 0.014793729036872812, 0.31869931042813476, 0.08134925402352491, -0.74309282317179, 0.003270615106031155, 0.047016460627183426, -0.011080924197875859, 3.00582258178255]
Thrust_0: -43.85802693616101
Thrust_1: -27.420144966020725

[-8.071415718483594, 8.59318940878983, 0.0, 0.006911740313683225, 0.012647369458596564, 0.36209846941768237, 0.09370738536308178, -0.6273963883585923, 0.002475022601040096, 0.05042657196156782, -0.010313161249001798, 2.779563304751067]
Thrust_0: -47.158773330152776
Thrust_1: -24.437341796118012

[-9.037507107358751, 8.31371613122503, 0.0, 0.006815726963982246, 0.014612400126867878, 0.34273305356382044, 0.08152719133817626, -0.7066137741006703, 0.003264299692034803, 0.0481503576816822, -0.01113956526621508, 2.785518962611631]
Thrust_0: -43.43525548341904
Thrust_1: -27.509870671353763

[-9.038371164171117, 7.735324582570403, 0.0, 0.005003585194643399, 0.014612400126867878, 0.3625693357026943, 0.08156237474459697, -0.5812769455264677, 0.003270615106031155, 0.0481503576816822, -0.01113956526621508, 2.779563304751067]
Thrust_0: -44.34157453985854
Thrust_1: -27.18449227524369

