[-7.893998598030006, 7.275176710011447, 0.0, 0.0043969506098613925, 0.011325455930673183, 0.3430837349324265, 0.0919358731215306, -0.6883129555910124, 0.002782410620000325, 0.05127343533279533, -0.011000656002527379, 2.831605176746468]
Thrust_0: -49.33642011288531
Thrust_1: -46.95952435704552

[-7.622196736650974, 6.050374012066564, 0.0, 0.005345232443549037, 0.011325455930673183, 0.3430837349324265, 0.0919358731215306, -0.6360926012466463, 0.0030100435494639587, 0.05127343533279533, -0.011000656002527379, 2.3830952568755976]
Thrust_0: -50.30568081899697
Thrust_1: -23.639149858644544

[-11.20525314201278, 5.087120647488165, 0.0, 0.007192077119653886, 0.011593604924316839, 0.3430837349324265, 0.0919358731215306, -0.6558770265206587, 0.0030100435494639587, 0.05127343533279533, -0.011000656002527379, 2.3830952568755976]
Thrust_0: -49.53277818185893
Thrust_1: -24.077534431456687

[-9.983239783291413, 5.087120647488165, 0.0, 0.007192077119653886, 0.011593604924316839, 0.3430837349324265, 0.0919358731215306, -0.6558770265206587, 0.0030100435494639587, 0.05127343533279533, -0.011000656002527379, 2.3830952568755976]
Thrust_0: -49.711515550181744
Thrust_1: -24.042169850704816

[-7.778089341841017, 5.172475175771019, 0.0, 0.0059993634760628954, 0.011325455930673183, 0.3430837349324265, 0.0919358731215306, -0.6360926012466463, 0.0030100435494639587, 0.05127343533279533, -0.011000656002527379, 2.3830952568755976]
Thrust_0: -50.13470397445077
Thrust_1: -23.873654539965194

[-7.778089341841017, 5.087120647488165, 0.0, 0.007192077119653886, 0.011593604924316839, 0.3430837349324265, 0.0919358731215306, -0.6360926012466463, 0.0030100435494639587, 0.05127343533279533, -0.011000656002527379, 2.3830952568755976]
Thrust_0: -50.30294001847236
Thrust_1: -23.709177215095654

[-7.622196736650974, 6.050374012066564, 0.0, 0.007481609332261193, 0.011325455930673183, 0.3430837349324265, 0.0919358731215306, -0.6360926012466463, 0.0030100435494639587, 0.05127343533279533, -0.011000656002527379, 2.3830952568755976]
Thrust_0: -48.78314627824238
Thrust_1: -44.99310695267989

[-11.300331830841804, 7.009998748379112, 0.0, 0.0043969506098613925, 0.016650363321192366, 0.3430837349324265, 0.09029416000555168, -0.6883129555910124, 0.0027502681859016276, 0.05127343533279533, -0.010934699298235534, 2.831605176746468]
Thrust_0: -48.832405346236754
Thrust_1: -24.487975865514127

[-9.47378895445784, 7.275176710011447, 0.0, 0.007196188065680459, 0.01368767183035985, 0.3430837349324265, 0.0919358731215306, -0.6883129555910124, 0.0027502681859016276, 0.05127343533279533, -0.010934699298235534, 2.829238560758862]
Thrust_0: -49.136726919399464
Thrust_1: -24.279769142650444

[-7.622196736650974, 5.576555451587336, 0.0, 0.0059993634760628954, 0.011325455930673183, 0.3430837349324265, 0.0919358731215306, -0.6360926012466463, 0.0030100435494639587, 0.05127343533279533, -0.011000656002527379, 2.3830952568755976]
Thrust_0: -50.28340561608726
Thrust_1: -23.666638895326983

[-7.893998598030006, 7.275176710011447, 0.0, 0.006561997199249218, 0.011325455930673183, 0.3430837349324265, 0.0919358731215306, -0.6883129555910124, 0.002782410620000325, 0.05127343533279533, -0.011000656002527379, 2.831605176746468]
Thrust_0: -49.222048126372606
Thrust_1: -24.0678825312279

[-11.20525314201278, 5.087120647488165, 0.0, 0.004552378294611268, 0.011593604924316839, 0.3430837349324265, 0.09029416000555168, -0.6558770265206587, 0.0030100435494639587, 0.05127343533279533, -0.011000656002527379, 2.3830952568755976]
Thrust_0: -49.68638816061969
Thrust_1: -23.964729319129706

[-9.34331414695367, 8.230018109631345, 0.0, 0.004552378294611268, 0.011325455930673183, 0.3430837349324265, 0.09029416000555168, -0.6360926012466463, 0.0030100435494639587, 0.05127343533279533, -0.011000656002527379, 2.3830952568755976]
Thrust_0: -49.940555217586606
Thrust_1: -23.859225108428067

[-9.47378895445784, 7.275176710011447, 0.0, 0.007196188065680459, 0.013157784712024886, 0.3430837349324265, 0.09029416000555168, -0.6883129555910124, 0.0027502681859016276, 0.05127343533279533, -0.010934699298235534, 2.829238560758862]
Thrust_0: -49.064241516076464
Thrust_1: -24.31117946415521

[-11.300331830841804, 5.087120647488165, 0.0, 0.004552378294611268, 0.011593604924316839, 0.3430837349324265, 0.09029416000555168, -0.6558770265206587, 0.0030100435494639587, 0.05127343533279533, -0.011000656002527379, 2.3830952568755976]
Thrust_0: -49.51448444348257
Thrust_1: -23.978631939424037

[-11.300331830841804, 7.885788092624274, 0.0, 0.0043969506098613925, 0.016650363321192366, 0.3430837349324265, 0.09029416000555168, -0.6883129555910124, 0.0027502681859016276, 0.05127343533279533, -0.010934699298235534, 2.831605176746468]
Thrust_0: -48.90123786060547
Thrust_1: -24.45329656955904

[-9.34331414695367, 5.087120647488165, 0.0, 0.005345232443549037, 0.011593604924316839, 0.3430837349324265, 0.09029416000555168, -0.6360926012466463, 0.0030100435494639587, 0.05127343533279533, -0.011000656002527379, 2.3830952568755976]
Thrust_0: -50.00511422171571
Thrust_1: -23.841840118574897

[-10.517412776680148, 6.599491119605987, 0.0, 0.0043969506098613925, 0.01453961513311854, 0.3430837349324265, 0.09029416000555168, -0.6883129555910124, 0.0027502681859016276, 0.05127343533279533, -0.010934699298235534, 2.831605176746468]
Thrust_0: -48.9332038359208
Thrust_1: -24.415949569188697

[-11.20525314201278, 5.127786821053794, 0.0, 0.007192077119653886, 0.011593604924316839, 0.3430837349324265, 0.0919358731215306, -0.6558770265206587, 0.0030100435494639587, 0.05127343533279533, -0.011000656002527379, 2.3830952568755976]
Thrust_0: -49.43820435194219
Thrust_1: -24.062170619794816

[-7.893998598030006, 7.275176710011447, 0.0, 0.004910451347416972, 0.01368767183035985, 0.3430837349324265, 0.0919358731215306, -0.6883129555910124, 0.0027502681859016276, 0.05127343533279533, -0.010934699298235534, 2.831605176746468]
Thrust_0: -48.96792727525161
Thrust_1: -24.382677615376558

[-9.34331414695367, 5.087120647488165, 0.0, 0.004552378294611268, 0.011593604924316839, 0.3430837349324265, 0.09029416000555168, -0.6360926012466463, 0.0030100435494639587, 0.05127343533279533, -0.011000656002527379, 2.3830952568755976]
Thrust_0: -50.11065582706315
Thrust_1: -23.81262898945386

[-9.47378895445784, 7.009998748379112, 0.0, 0.007196188065680459, 0.013157784712024886, 0.3430837349324265, 0.09029416000555168, -0.6883129555910124, 0.0027502681859016276, 0.05127343533279533, -0.010934699298235534, 2.831605176746468]
Thrust_0: -49.007834916882096
Thrust_1: -24.338926893995875

[-10.172336803117103, 7.885788092624274, 0.0, 0.0043969506098613925, 0.01453961513311854, 0.3430837349324265, 0.09029416000555168, -0.6883129555910124, 0.0027502681859016276, 0.05127343533279533, -0.010934699298235534, 2.831605176746468]
Thrust_0: -48.99991019851694
Thrust_1: -24.359173221460473

[-11.20525314201278, 5.087120647488165, 0.0, 0.005345232443549037, 0.011593604924316839, 0.3430837349324265, 0.09043496365293215, -0.6558770265206587, 0.0030100435494639587, 0.05127343533279533, -0.011000656002527379, 2.3830952568755976]
Thrust_0: -49.69583785796529
Thrust_1: -23.92312494587075

[-7.622196736650974, 5.172475175771019, 0.0, 0.005754672725450139, 0.013759494413563302, 0.3430837349324265, 0.0919358731215306, -0.7098161061410315, 0.0030100435494639587, 0.05127343533279533, -0.011000656002527379, 2.3830952568755976]
Thrust_0: -43.05725667948378
Thrust_1: -27.485214329526908

