0.09186 0.01571 -0.00297
0.09186 0.01568 -0.00295
0.09186 0.01559 -0.0029
0.09186 0.01543 -0.00282
0.09186 0.0152 -0.00271
0.09186 0.01492 -0.00257
0.09186 0.01457 -0.00241
0.09186 0.01417 -0.00222
0.09186 0.0137 -0.00201
0.09186 0.01319 -0.00177
0.09186 0.01262 -0.00153
0.09186 0.012 -0.00127
0.09186 0.01134 -0.001
0.09186 0.01063 -0.00072
0.09186 0.00989 -0.00044
0.09186 0.00912 -0.00016
0.09186 0.00831 0.00011
0.09186 0.00748 0.00038
0.09186 0.00663 0.00065
0.09186 0.00576 0.0009
0.09186 0.00489 0.00114
0.09186 0.00401 0.00136
0.09186 0.00313 0.00157
0.09186 0.00226 0.00175
0.09186 0.00138 0.00191
0.09186 0.00053 0.00203
0.09186 -0.0003 0.00212
0.09186 -0.0011 0.00217
0.09186 -0.00187 0.00219
0.09186 -0.0026 0.00219
0.09186 -0.00329 0.00216
0.09186 -0.00392 0.00211
0.09186 -0.0045 0.00205
0.09186 -0.00502 0.00197
0.09186 -0.00547 0.00187
0.09186 -0.00586 0.00178
0.09186 -0.00618 0.00167
0.09186 -0.00643 0.00157
0.09186 -0.0066 0.00147
0.09186 -0.0067 0.00137
0.09186 -0.00673 0.00128
0.09186 -0.00668 0.00119
0.09186 -0.00657 0.00111
0.09186 -0.00638 0.00104
0.09186 -0.00612 0.00099
0.09186 -0.0058 0.00094
0.09186 -0.00541 0.00089
0.09186 -0.00496 0.00086
0.09186 -0.00446 0.00082
0.09186 -0.0039 0.00079
0.09186 -0.00329 0.00075
0.09186 -0.00263 0.00071
0.09186 -0.00194 0.00066
0.09186 -0.00121 0.0006
0.09186 -0.00044 0.00053
0.09186 0.00034 0.00044
0.09186 0.00115 0.00034
0.09186 0.00198 0.00021
0.09186 0.00284 7e-05
0.09186 0.00371 -7e-05
0.09186 0.00458 -0.00023
0.09186 0.00545 -0.00039
0.09186 0.00632 -0.00057
0.09186 0.00718 -0.00075
0.09186 0.00802 -0.00093
0.09186 0.00883 -0.00112
0.09186 0.00963 -0.0013
0.09186 0.01039 -0.00149
0.09186 0.01111 -0.00168
0.09186 0.0118 -0.00186
0.09186 0.01244 -0.00203
0.09186 0.01303 -0.0022
0.09186 0.01358 -0.00235
0.09186 0.01406 -0.0025
0.09186 0.01449 -0.00262
0.09186 0.01485 -0.00273
0.09186 0.01516 -0.00283
0.09186 0.01539 -0.0029
0.09186 0.01556 -0.00295
0.09186 0.01567 -0.00299
0.09186 0.0157 -0.003
