0.06984 0.02037 -0.00507
0.06984 0.02034 -0.00505
0.06984 0.02021 -0.00497
0.06984 0.02001 -0.00486
0.06984 0.01973 -0.0047
0.06984 0.01936 -0.00449
0.06984 0.01892 -0.00425
0.06984 0.0184 -0.00397
0.06984 0.01782 -0.00366
0.06984 0.01716 -0.00332
0.06984 0.01643 -0.00295
0.06984 0.01564 -0.00256
0.06984 0.01479 -0.00216
0.06984 0.01389 -0.00174
0.06984 0.01294 -0.00132
0.06984 0.01194 -0.00089
0.06984 0.0109 -0.00047
0.06984 0.00983 -5e-05
0.06984 0.00874 0.00035
0.06984 0.00762 0.00075
0.06984 0.0065 0.00113
0.06984 0.00536 0.00149
0.06984 0.00423 0.00182
0.06984 0.00309 0.00213
0.06984 0.00196 0.0024
0.06984 0.00085 0.00262
0.06984 -0.00023 0.0028
0.06984 -0.00128 0.00293
0.06984 -0.00229 0.00302
0.06984 -0.00325 0.00307
0.06984 -0.00415 0.00308
0.06984 -0.00498 0.00307
0.06984 -0.00575 0.00302
0.06984 -0.00643 0.00296
0.06984 -0.00704 0.00287
0.06984 -0.00755 0.00277
0.06984 -0.00798 0.00266
0.06984 -0.00831 0.00254
0.06984 -0.00854 0.00242
0.06984 -0.00868 0.0023
0.06984 -0.00873 0.00218
0.06984 -0.00867 0.00206
0.06984 -0.00852 0.00195
0.06984 -0.00828 0.00185
0.06984 -0.00795 0.00175
0.06984 -0.00753 0.00167
0.06984 -0.00702 0.00158
0.06984 -0.00644 0.0015
0.06984 -0.00578 0.00141
0.06984 -0.00505 0.00132
0.06984 -0.00426 0.00123
0.06984 -0.0034 0.00113
0.06984 -0.0025 0.00101
0.06984 -0.00154 0.00088
0.06984 -0.00054 0.00073
0.06984 0.00048 0.00055
0.06984 0.00154 0.00036
0.06984 0.00262 0.00013
0.06984 0.00373 -0.00011
0.06984 0.00485 -0.00037
0.06984 0.00599 -0.00064
0.06984 0.00712 -0.00093
0.06984 0.00824 -0.00122
0.06984 0.00935 -0.00152
0.06984 0.01044 -0.00182
0.06984 0.0115 -0.00213
0.06984 0.01252 -0.00243
0.06984 0.01351 -0.00274
0.06984 0.01445 -0.00303
0.06984 0.01533 -0.00332
0.06984 0.01616 -0.0036
0.06984 0.01692 -0.00386
0.06984 0.01762 -0.00411
0.06984 0.01825 -0.00433
0.06984 0.0188 -0.00453
0.06984 0.01927 -0.0047
0.06984 0.01966 -0.00484
0.06984 0.01996 -0.00496
0.06984 0.02018 -0.00504
0.06984 0.02032 -0.00509
0.06984 0.02036 -0.00511
