0.15239 0.00349 0.0
0.15239 0.00349 0.0
0.15239 0.00347 1e-05
0.15239 0.00343 2e-05
0.15239 0.00338 3e-05
0.15239 0.00331 5e-05
0.15239 0.00323 7e-05
0.15239 0.00313 0.0001
0.15239 0.00302 0.00012
0.15239 0.0029 0.00015
0.15239 0.00277 0.00018
0.15239 0.00263 0.00021
0.15239 0.00247 0.00024
0.15239 0.00231 0.00027
0.15239 0.00214 0.0003
0.15239 0.00196 0.00033
0.15239 0.00178 0.00036
0.15239 0.00159 0.00038
0.15239 0.00139 0.00041
0.15239 0.0012 0.00043
0.15239 0.001 0.00044
0.15239 0.0008 0.00045
0.15239 0.00061 0.00046
0.15239 0.00041 0.00047
0.15239 0.00022 0.00046
0.15239 3e-05 0.00045
0.15239 -0.00015 0.00044
0.15239 -0.00032 0.00042
0.15239 -0.00049 0.00039
0.15239 -0.00065 0.00036
0.15239 -0.00079 0.00033
0.15239 -0.00093 0.00029
0.15239 -0.00105 0.00025
0.15239 -0.00116 0.00021
0.15239 -0.00125 0.00018
0.15239 -0.00133 0.00014
0.15239 -0.00139 0.0001
0.15239 -0.00144 7e-05
0.15239 -0.00148 4e-05
0.15239 -0.00149 2e-05
0.15239 -0.0015 0.0
0.15239 -0.00148 -1e-05
0.15239 -0.00145 -2e-05
0.15239 -0.00141 -3e-05
0.15239 -0.00135 -3e-05
0.15239 -0.00128 -3e-05
0.15239 -0.0012 -2e-05
0.15239 -0.0011 -1e-05
0.15239 -0.00099 0.0
0.15239 -0.00087 1e-05
0.15239 -0.00073 2e-05
0.15239 -0.00059 4e-05
0.15239 -0.00044 6e-05
0.15239 -0.00028 8e-05
0.15239 -0.00011 9e-05
0.15239 5e-05 0.0001
0.15239 0.00023 0.00012
0.15239 0.00041 0.00012
0.15239 0.0006 0.00013
0.15239 0.0008 0.00013
0.15239 0.00099 0.00013
0.15239 0.00118 0.00013
0.15239 0.00138 0.00013
0.15239 0.00157 0.00013
0.15239 0.00176 0.00012
0.15239 0.00194 0.00012
0.15239 0.00212 0.00011
0.15239 0.00229 0.0001
0.15239 0.00245 9e-05
0.15239 0.00261 8e-05
0.15239 0.00275 7e-05
0.15239 0.00289 5e-05
0.15239 0.00301 4e-05
0.15239 0.00312 3e-05
0.15239 0.00322 2e-05
0.15239 0.0033 1e-05
0.15239 0.00337 1e-05
0.15239 0.00342 0.0
0.15239 0.00346 0.0
0.15239 0.00349 0.0
0.15239 0.00349 0.0
