0.03905 0.0179 -0.00389
0.03905 0.01787 -0.00387
0.03905 0.01775 -0.0038
0.03905 0.01755 -0.00368
0.03905 0.01728 -0.00352
0.03905 0.01693 -0.00332
0.03905 0.0165 -0.00308
0.03905 0.016 -0.0028
0.03905 0.01544 -0.00248
0.03905 0.0148 -0.00214
0.03905 0.0141 -0.00178
0.03905 0.01334 -0.00139
0.03905 0.01253 -0.00099
0.03905 0.01166 -0.00058
0.03905 0.01074 -0.00017
0.03905 0.00978 0.00024
0.03905 0.00878 0.00066
0.03905 0.00775 0.00107
0.03905 0.0067 0.00146
0.03905 0.00563 0.00184
0.03905 0.00454 0.0022
0.03905 0.00345 0.00254
0.03905 0.00235 0.00285
0.03905 0.00126 0.00313
0.03905 0.00017 0.00336
0.03905 -0.00089 0.00355
0.03905 -0.00194 0.00368
0.03905 -0.00296 0.00377
0.03905 -0.00393 0.00382
0.03905 -0.00486 0.00381
0.03905 -0.00572 0.00378
0.03905 -0.00653 0.0037
0.03905 -0.00727 0.0036
0.03905 -0.00794 0.00347
0.03905 -0.00852 0.00332
0.03905 -0.00903 0.00316
0.03905 -0.00944 0.00298
0.03905 -0.00977 0.0028
0.03905 -0.01001 0.00261
0.03905 -0.01015 0.00243
0.03905 -0.01021 0.00224
0.03905 -0.01023 0.00207
0.03905 -0.01016 0.00192
0.03905 -0.01 0.00178
0.03905 -0.00974 0.00165
0.03905 -0.00939 0.00152
0.03905 -0.00894 0.00141
0.03905 -0.00841 0.0013
0.03905 -0.0078 0.00119
0.03905 -0.00711 0.00109
0.03905 -0.00634 0.00098
0.03905 -0.0055 0.00087
0.03905 -0.0046 0.00076
0.03905 -0.00365 0.00063
0.03905 -0.00264 0.00049
0.03905 -0.0016 0.00034
0.03905 -0.00052 0.00018
0.03905 0.00057 0.0
0.03905 0.00168 -0.0002
0.03905 0.0028 -0.00041
0.03905 0.00392 -0.00062
0.03905 0.00503 -0.00084
0.03905 0.00614 -0.00106
0.03905 0.00723 -0.00129
0.03905 0.0083 -0.00151
0.03905 0.00934 -0.00174
0.03905 0.01034 -0.00197
0.03905 0.0113 -0.0022
0.03905 0.01221 -0.00242
0.03905 0.01307 -0.00264
0.03905 0.01387 -0.00284
0.03905 0.0146 -0.00304
0.03905 0.01528 -0.00322
0.03905 0.01587 -0.00338
0.03905 0.0164 -0.00353
0.03905 0.01685 -0.00366
0.03905 0.01722 -0.00377
0.03905 0.01751 -0.00385
0.03905 0.01772 -0.00391
0.03905 0.01785 -0.00395
0.03905 0.01789 -0.00396
