0.07535 0.01876 -0.00432
0.07535 0.01873 -0.0043
0.07535 0.01861 -0.00424
0.07535 0.01842 -0.00414
0.07535 0.01816 -0.00399
0.07535 0.01782 -0.00381
0.07535 0.01742 -0.0036
0.07535 0.01694 -0.00335
0.07535 0.01639 -0.00307
0.07535 0.01578 -0.00277
0.07535 0.01511 -0.00244
0.07535 0.01438 -0.0021
0.07535 0.0136 -0.00174
0.07535 0.01276 -0.00138
0.07535 0.01188 -0.001
0.07535 0.01096 -0.00063
0.07535 0.01 -0.00025
0.07535 0.00902 0.0001
0.07535 0.00801 0.00046
0.07535 0.00698 0.00081
0.07535 0.00594 0.00114
0.07535 0.00489 0.00145
0.07535 0.00384 0.00174
0.07535 0.0028 0.002
0.07535 0.00176 0.00223
0.07535 0.00073 0.00242
0.07535 -0.00026 0.00256
0.07535 -0.00122 0.00267
0.07535 -0.00215 0.00273
0.07535 -0.00303 0.00276
0.07535 -0.00385 0.00276
0.07535 -0.00462 0.00273
0.07535 -0.00532 0.00268
0.07535 -0.00594 0.00261
0.07535 -0.0065 0.00252
0.07535 -0.00697 0.00242
0.07535 -0.00736 0.00231
0.07535 -0.00766 0.0022
0.07535 -0.00787 0.00209
0.07535 -0.008 0.00197
0.07535 -0.00804 0.00186
0.07535 -0.00798 0.00175
0.07535 -0.00785 0.00165
0.07535 -0.00762 0.00156
0.07535 -0.00732 0.00148
0.07535 -0.00693 0.00141
0.07535 -0.00647 0.00134
0.07535 -0.00593 0.00127
0.07535 -0.00532 0.0012
0.07535 -0.00465 0.00113
0.07535 -0.00392 0.00106
0.07535 -0.00314 0.00098
0.07535 -0.0023 0.00089
0.07535 -0.00143 0.00078
0.07535 -0.00051 0.00066
0.07535 0.00043 0.00051
0.07535 0.0014 0.00035
0.07535 0.0024 0.00016
0.07535 0.00342 -4e-05
0.07535 0.00446 -0.00026
0.07535 0.0055 -0.00049
0.07535 0.00654 -0.00074
0.07535 0.00758 -0.00099
0.07535 0.0086 -0.00124
0.07535 0.0096 -0.0015
0.07535 0.01058 -0.00177
0.07535 0.01152 -0.00203
0.07535 0.01243 -0.00229
0.07535 0.01329 -0.00255
0.07535 0.01411 -0.0028
0.07535 0.01487 -0.00304
0.07535 0.01558 -0.00327
0.07535 0.01622 -0.00349
0.07535 0.0168 -0.00368
0.07535 0.01731 -0.00385
0.07535 0.01774 -0.004
0.07535 0.0181 -0.00413
0.07535 0.01838 -0.00423
0.07535 0.01859 -0.0043
0.07535 0.01871 -0.00435
0.07535 0.01875 -0.00436
