0.14139 0.00752 -0.00092
0.14139 0.00751 -0.00091
0.14139 0.00746 -0.00089
0.14139 0.00738 -0.00086
0.14139 0.00727 -0.00081
0.14139 0.00713 -0.00076
0.14139 0.00696 -0.00069
0.14139 0.00677 -0.00061
0.14139 0.00654 -0.00052
0.14139 0.00629 -0.00043
0.14139 0.00601 -0.00033
0.14139 0.00571 -0.00023
0.14139 0.00539 -0.00012
0.14139 0.00505 -1e-05
0.14139 0.00469 9e-05
0.14139 0.00431 0.0002
0.14139 0.00392 0.00031
0.14139 0.00352 0.00041
0.14139 0.00311 0.00051
0.14139 0.0027 0.0006
0.14139 0.00227 0.00069
0.14139 0.00185 0.00077
0.14139 0.00143 0.00084
0.14139 0.00101 0.0009
0.14139 0.00059 0.00094
0.14139 0.00018 0.00097
0.14139 -0.0002 0.00099
0.14139 -0.00059 0.00099
0.14139 -0.00095 0.00098
0.14139 -0.0013 0.00095
0.14139 -0.00162 0.00092
0.14139 -0.00192 0.00088
0.14139 -0.00219 0.00083
0.14139 -0.00243 0.00077
0.14139 -0.00264 0.00072
0.14139 -0.00282 0.00066
0.14139 -0.00297 0.0006
0.14139 -0.00309 0.00054
0.14139 -0.00316 0.00049
0.14139 -0.00321 0.00044
0.14139 -0.00322 0.00039
0.14139 -0.00319 0.00035
0.14139 -0.00314 0.00032
0.14139 -0.00305 0.00029
0.14139 -0.00292 0.00028
0.14139 -0.00277 0.00026
0.14139 -0.00258 0.00025
0.14139 -0.00237 0.00025
0.14139 -0.00213 0.00025
0.14139 -0.00186 0.00025
0.14139 -0.00158 0.00025
0.14139 -0.00127 0.00025
0.14139 -0.00094 0.00025
0.14139 -0.00059 0.00024
0.14139 -0.00022 0.00023
0.14139 0.00014 0.00022
0.14139 0.00053 0.00019
0.14139 0.00093 0.00016
0.14139 0.00134 0.00012
0.14139 0.00175 7e-05
0.14139 0.00217 3e-05
0.14139 0.00259 -2e-05
0.14139 0.003 -7e-05
0.14139 0.00341 -0.00013
0.14139 0.00382 -0.00019
0.14139 0.00421 -0.00025
0.14139 0.00459 -0.00032
0.14139 0.00496 -0.00038
0.14139 0.00531 -0.00045
0.14139 0.00564 -0.00051
0.14139 0.00594 -0.00058
0.14139 0.00623 -0.00064
0.14139 0.00649 -0.00069
0.14139 0.00672 -0.00075
0.14139 0.00693 -0.00079
0.14139 0.00711 -0.00083
0.14139 0.00725 -0.00087
0.14139 0.00737 -0.0009
0.14139 0.00745 -0.00092
0.14139 0.0075 -0.00093
0.14139 0.00752 -0.00093
