0.08085 0.01738 -0.00373
0.08085 0.01735 -0.00371
0.08085 0.01724 -0.00366
0.08085 0.01706 -0.00356
0.08085 0.01682 -0.00343
0.08085 0.0165 -0.00327
0.08085 0.01612 -0.00308
0.08085 0.01568 -0.00286
0.08085 0.01517 -0.00261
0.08085 0.01461 -0.00234
0.08085 0.01398 -0.00205
0.08085 0.0133 -0.00174
0.08085 0.01257 -0.00142
0.08085 0.0118 -0.00109
0.08085 0.01098 -0.00076
0.08085 0.01013 -0.00043
0.08085 0.00924 -9e-05
0.08085 0.00832 0.00022
0.08085 0.00738 0.00054
0.08085 0.00643 0.00084
0.08085 0.00546 0.00113
0.08085 0.00449 0.0014
0.08085 0.00352 0.00166
0.08085 0.00256 0.00189
0.08085 0.00159 0.00208
0.08085 0.00064 0.00224
0.08085 -0.00027 0.00236
0.08085 -0.00117 0.00244
0.08085 -0.00202 0.00249
0.08085 -0.00283 0.00251
0.08085 -0.0036 0.0025
0.08085 -0.0043 0.00246
0.08085 -0.00494 0.0024
0.08085 -0.00552 0.00232
0.08085 -0.00603 0.00224
0.08085 -0.00646 0.00214
0.08085 -0.00682 0.00203
0.08085 -0.0071 0.00192
0.08085 -0.00729 0.00182
0.08085 -0.00741 0.00171
0.08085 -0.00744 0.0016
0.08085 -0.00739 0.00151
0.08085 -0.00727 0.00142
0.08085 -0.00706 0.00134
0.08085 -0.00677 0.00127
0.08085 -0.00642 0.0012
0.08085 -0.00599 0.00114
0.08085 -0.00549 0.00109
0.08085 -0.00493 0.00104
0.08085 -0.00431 0.00098
0.08085 -0.00363 0.00092
0.08085 -0.00291 0.00086
0.08085 -0.00214 0.00078
0.08085 -0.00133 0.0007
0.08085 -0.00048 0.0006
0.08085 0.00039 0.00048
0.08085 0.00129 0.00034
0.08085 0.00221 0.00018
0.08085 0.00315 0.0
0.08085 0.00412 -0.00018
0.08085 0.00508 -0.00038
0.08085 0.00605 -0.00059
0.08085 0.00701 -0.0008
0.08085 0.00795 -0.00103
0.08085 0.00888 -0.00125
0.08085 0.00979 -0.00148
0.08085 0.01066 -0.00171
0.08085 0.0115 -0.00194
0.08085 0.01231 -0.00217
0.08085 0.01306 -0.00239
0.08085 0.01377 -0.0026
0.08085 0.01442 -0.0028
0.08085 0.01502 -0.00299
0.08085 0.01556 -0.00316
0.08085 0.01603 -0.00332
0.08085 0.01643 -0.00345
0.08085 0.01676 -0.00356
0.08085 0.01703 -0.00365
0.08085 0.01721 -0.00371
0.08085 0.01733 -0.00375
0.08085 0.01737 -0.00377
