0.05884 0.02318 -0.00685
0.05884 0.02314 -0.00682
0.05884 0.023 -0.00673
0.05884 0.02277 -0.00659
0.05884 0.02245 -0.00639
0.05884 0.02204 -0.00614
0.05884 0.02155 -0.00584
0.05884 0.02097 -0.00549
0.05884 0.0203 -0.0051
0.05884 0.01956 -0.00467
0.05884 0.01875 -0.00422
0.05884 0.01786 -0.00373
0.05884 0.0169 -0.00322
0.05884 0.01589 -0.0027
0.05884 0.01481 -0.00216
0.05884 0.01369 -0.00162
0.05884 0.01252 -0.00108
0.05884 0.01131 -0.00055
0.05884 0.01007 -2e-05
0.05884 0.00881 0.00048
0.05884 0.00753 0.00097
0.05884 0.00624 0.00144
0.05884 0.00495 0.00188
0.05884 0.00366 0.0023
0.05884 0.00237 0.00266
0.05884 0.0011 0.00297
0.05884 -0.00013 0.00323
0.05884 -0.00133 0.00343
0.05884 -0.00249 0.00359
0.05884 -0.00358 0.00369
0.05884 -0.00462 0.00376
0.05884 -0.00558 0.00378
0.05884 -0.00646 0.00377
0.05884 -0.00725 0.00372
0.05884 -0.00795 0.00365
0.05884 -0.00855 0.00356
0.05884 -0.00904 0.00346
0.05884 -0.00943 0.00334
0.05884 -0.00971 0.00321
0.05884 -0.00987 0.00308
0.05884 -0.00993 0.00294
0.05884 -0.00987 0.0028
0.05884 -0.00971 0.00267
0.05884 -0.00943 0.00254
0.05884 -0.00905 0.00242
0.05884 -0.00858 0.00229
0.05884 -0.008 0.00217
0.05884 -0.00733 0.00204
0.05884 -0.00658 0.00191
0.05884 -0.00574 0.00178
0.05884 -0.00483 0.00163
0.05884 -0.00386 0.00147
0.05884 -0.00282 0.00129
0.05884 -0.00173 0.00109
0.05884 -0.00059 0.00086
0.05884 0.00058 0.00061
0.05884 0.00179 0.00033
0.05884 0.00302 2e-05
0.05884 0.00428 -0.00031
0.05884 0.00556 -0.00067
0.05884 0.00685 -0.00104
0.05884 0.00814 -0.00142
0.05884 0.00942 -0.00181
0.05884 0.01068 -0.00221
0.05884 0.01191 -0.00262
0.05884 0.01312 -0.00302
0.05884 0.01428 -0.00343
0.05884 0.0154 -0.00382
0.05884 0.01646 -0.00421
0.05884 0.01746 -0.00459
0.05884 0.0184 -0.00495
0.05884 0.01927 -0.00529
0.05884 0.02006 -0.0056
0.05884 0.02077 -0.00589
0.05884 0.02139 -0.00615
0.05884 0.02192 -0.00637
0.05884 0.02236 -0.00656
0.05884 0.02271 -0.0067
0.05884 0.02296 -0.00681
0.05884 0.02311 -0.00687
0.05884 0.02316 -0.0069
