0.12488 0.01398 -0.00194
0.12488 0.01395 -0.00192
0.12488 0.01387 -0.00189
0.12488 0.01372 -0.00182
0.12488 0.01352 -0.00173
0.12488 0.01326 -0.00162
0.12488 0.01295 -0.00149
0.12488 0.01259 -0.00134
0.12488 0.01217 -0.00118
0.12488 0.0117 -0.00099
0.12488 0.01119 -0.0008
0.12488 0.01064 -0.0006
0.12488 0.01004 -0.00039
0.12488 0.00941 -0.00017
0.12488 0.00874 3e-05
0.12488 0.00804 0.00025
0.12488 0.00732 0.00046
0.12488 0.00658 0.00066
0.12488 0.00582 0.00086
0.12488 0.00504 0.00104
0.12488 0.00426 0.00122
0.12488 0.00348 0.00137
0.12488 0.00269 0.00152
0.12488 0.00191 0.00164
0.12488 0.00114 0.00174
0.12488 0.00038 0.00181
0.12488 -0.00035 0.00185
0.12488 -0.00107 0.00186
0.12488 -0.00175 0.00185
0.12488 -0.00239 0.00182
0.12488 -0.00299 0.00176
0.12488 -0.00355 0.00169
0.12488 -0.00406 0.00161
0.12488 -0.00451 0.00152
0.12488 -0.00491 0.00142
0.12488 -0.00524 0.00131
0.12488 -0.00552 0.00121
0.12488 -0.00573 0.00111
0.12488 -0.00588 0.00101
0.12488 -0.00597 0.00092
0.12488 -0.00599 0.00083
0.12488 -0.00594 0.00076
0.12488 -0.00584 0.0007
0.12488 -0.00567 0.00064
0.12488 -0.00544 0.0006
0.12488 -0.00515 0.00058
0.12488 -0.00481 0.00055
0.12488 -0.00441 0.00054
0.12488 -0.00396 0.00053
0.12488 -0.00347 0.00052
0.12488 -0.00293 0.00052
0.12488 -0.00235 0.00051
0.12488 -0.00174 0.0005
0.12488 -0.00109 0.00047
0.12488 -0.00041 0.00044
0.12488 0.00028 0.0004
0.12488 0.001 0.00035
0.12488 0.00174 0.00027
0.12488 0.0025 0.00019
0.12488 0.00327 9e-05
0.12488 0.00405 0.0
0.12488 0.00482 -0.00011
0.12488 0.0056 -0.00023
0.12488 0.00636 -0.00035
0.12488 0.00711 -0.00047
0.12488 0.00784 -0.0006
0.12488 0.00854 -0.00073
0.12488 0.00922 -0.00087
0.12488 0.00987 -0.001
0.12488 0.01048 -0.00113
0.12488 0.01106 -0.00125
0.12488 0.01159 -0.00138
0.12488 0.01207 -0.00149
0.12488 0.0125 -0.00159
0.12488 0.01289 -0.00169
0.12488 0.01321 -0.00177
0.12488 0.01348 -0.00184
0.12488 0.0137 -0.00189
0.12488 0.01385 -0.00193
0.12488 0.01394 -0.00196
0.12488 0.01398 -0.00196
