0.06434 0.02197 -0.00594
0.06434 0.02193 -0.00591
0.06434 0.0218 -0.00583
0.06434 0.02158 -0.0057
0.06434 0.02128 -0.00552
0.06434 0.02089 -0.00529
0.06434 0.02041 -0.00502
0.06434 0.01986 -0.0047
0.06434 0.01923 -0.00435
0.06434 0.01852 -0.00397
0.06434 0.01774 -0.00355
0.06434 0.01689 -0.00312
0.06434 0.01598 -0.00266
0.06434 0.01501 -0.00219
0.06434 0.01399 -0.00171
0.06434 0.01292 -0.00122
0.06434 0.01181 -0.00074
0.06434 0.01066 -0.00026
0.06434 0.00948 0.00019
0.06434 0.00828 0.00065
0.06434 0.00706 0.00108
0.06434 0.00584 0.00149
0.06434 0.00462 0.00188
0.06434 0.0034 0.00224
0.06434 0.00218 0.00256
0.06434 0.00097 0.00282
0.06434 -0.00019 0.00304
0.06434 -0.00133 0.0032
0.06434 -0.00242 0.00332
0.06434 -0.00346 0.0034
0.06434 -0.00443 0.00343
0.06434 -0.00534 0.00343
0.06434 -0.00616 0.0034
0.06434 -0.00691 0.00334
0.06434 -0.00756 0.00326
0.06434 -0.00812 0.00317
0.06434 -0.00859 0.00306
0.06434 -0.00895 0.00294
0.06434 -0.00921 0.00281
0.06434 -0.00936 0.00268
0.06434 -0.00941 0.00255
0.06434 -0.00936 0.00242
0.06434 -0.0092 0.0023
0.06434 -0.00894 0.00218
0.06434 -0.00858 0.00207
0.06434 -0.00812 0.00197
0.06434 -0.00758 0.00187
0.06434 -0.00695 0.00176
0.06434 -0.00623 0.00166
0.06434 -0.00545 0.00154
0.06434 -0.00459 0.00143
0.06434 -0.00366 0.00129
0.06434 -0.00268 0.00115
0.06434 -0.00165 0.00098
0.06434 -0.00057 0.0008
0.06434 0.00053 0.00059
0.06434 0.00167 0.00035
0.06434 0.00284 9e-05
0.06434 0.00404 -0.0002
0.06434 0.00525 -0.00051
0.06434 0.00647 -0.00083
0.06434 0.00769 -0.00116
0.06434 0.00891 -0.0015
0.06434 0.0101 -0.00185
0.06434 0.01127 -0.0022
0.06434 0.01242 -0.00255
0.06434 0.01352 -0.00291
0.06434 0.01458 -0.00326
0.06434 0.01559 -0.0036
0.06434 0.01654 -0.00393
0.06434 0.01743 -0.00425
0.06434 0.01826 -0.00455
0.06434 0.01901 -0.00483
0.06434 0.01968 -0.00509
0.06434 0.02027 -0.00532
0.06434 0.02078 -0.00551
0.06434 0.0212 -0.00568
0.06434 0.02153 -0.00581
0.06434 0.02176 -0.0059
0.06434 0.02191 -0.00596
0.06434 0.02196 -0.00598
