0.02952 0.0119 -0.00115
0.02952 0.01187 -0.00114
0.02952 0.01178 -0.00109
0.02952 0.01163 -0.00101
0.02952 0.01141 -0.00091
0.02952 0.01114 -0.00077
0.02952 0.01081 -0.00061
0.02952 0.01042 -0.00042
0.02952 0.00998 -0.00022
0.02952 0.00949 0.0
0.02952 0.00895 0.00023
0.02952 0.00837 0.00048
0.02952 0.00774 0.00073
0.02952 0.00707 0.00099
0.02952 0.00636 0.00125
0.02952 0.00563 0.00151
0.02952 0.00486 0.00176
0.02952 0.00408 0.002
0.02952 0.00327 0.00223
0.02952 0.00246 0.00244
0.02952 0.00163 0.00263
0.02952 0.0008 0.00281
0.02952 -1e-05 0.00296
0.02952 -0.00083 0.00308
0.02952 -0.00165 0.00317
0.02952 -0.00246 0.00322
0.02952 -0.00323 0.00323
0.02952 -0.00399 0.0032
0.02952 -0.00471 0.00313
0.02952 -0.00538 0.00303
0.02952 -0.00602 0.0029
0.02952 -0.00661 0.00275
0.02952 -0.00715 0.00257
0.02952 -0.00763 0.00238
0.02952 -0.00805 0.00218
0.02952 -0.00841 0.00197
0.02952 -0.0087 0.00176
0.02952 -0.00893 0.00154
0.02952 -0.0091 0.00133
0.02952 -0.00919 0.00112
0.02952 -0.00922 0.00092
0.02952 -0.00923 0.00074
0.02952 -0.00917 0.00057
0.02952 -0.00905 0.00043
0.02952 -0.00885 0.0003
0.02952 -0.00859 0.00019
0.02952 -0.00826 0.0001
0.02952 -0.00786 2e-05
0.02952 -0.00741 -3e-05
0.02952 -0.0069 -9e-05
0.02952 -0.00633 -0.00013
0.02952 -0.00571 -0.00016
0.02952 -0.00504 -0.00019
0.02952 -0.00433 -0.00022
0.02952 -0.00358 -0.00024
0.02952 -0.00281 -0.00026
0.02952 -0.002 -0.00029
0.02952 -0.00118 -0.00032
0.02952 -0.00035 -0.00037
0.02952 0.00048 -0.0004
0.02952 0.00132 -0.00044
0.02952 0.00216 -0.00048
0.02952 0.003 -0.00052
0.02952 0.00382 -0.00057
0.02952 0.00462 -0.00061
0.02952 0.00541 -0.00066
0.02952 0.00616 -0.00071
0.02952 0.00689 -0.00076
0.02952 0.00758 -0.00081
0.02952 0.00823 -0.00087
0.02952 0.00884 -0.00092
0.02952 0.00939 -0.00097
0.02952 0.0099 -0.00102
0.02952 0.01036 -0.00106
0.02952 0.01076 -0.00111
0.02952 0.0111 -0.00114
0.02952 0.01139 -0.00117
0.02952 0.01161 -0.0012
0.02952 0.01177 -0.00121
0.02952 0.01186 -0.00122
0.02952 0.01189 -0.00123
