0.13038 0.01252 -0.00166
0.13038 0.0125 -0.00165
0.13038 0.01242 -0.00161
0.13038 0.01229 -0.00156
0.13038 0.01211 -0.00148
0.13038 0.01188 -0.00138
0.13038 0.0116 -0.00127
0.13038 0.01127 -0.00114
0.13038 0.0109 -0.00099
0.13038 0.01048 -0.00083
0.13038 0.01002 -0.00066
0.13038 0.00952 -0.00048
0.13038 0.00899 -0.00029
0.13038 0.00842 -0.00011
0.13038 0.00782 7e-05
0.13038 0.0072 0.00026
0.13038 0.00655 0.00045
0.13038 0.00588 0.00063
0.13038 0.0052 0.0008
0.13038 0.00451 0.00096
0.13038 0.00381 0.00111
0.13038 0.0031 0.00125
0.13038 0.0024 0.00137
0.13038 0.0017 0.00148
0.13038 0.00101 0.00156
0.13038 0.00033 0.00162
0.13038 -0.00032 0.00165
0.13038 -0.00096 0.00166
0.13038 -0.00157 0.00165
0.13038 -0.00215 0.00161
0.13038 -0.00269 0.00156
0.13038 -0.00318 0.0015
0.13038 -0.00364 0.00142
0.13038 -0.00404 0.00133
0.13038 -0.0044 0.00124
0.13038 -0.0047 0.00115
0.13038 -0.00495 0.00105
0.13038 -0.00514 0.00096
0.13038 -0.00527 0.00087
0.13038 -0.00535 0.00079
0.13038 -0.00536 0.00071
0.13038 -0.00532 0.00065
0.13038 -0.00523 0.00059
0.13038 -0.00507 0.00055
0.13038 -0.00487 0.00051
0.13038 -0.00461 0.00049
0.13038 -0.0043 0.00047
0.13038 -0.00395 0.00046
0.13038 -0.00355 0.00045
0.13038 -0.00311 0.00045
0.13038 -0.00263 0.00045
0.13038 -0.00211 0.00044
0.13038 -0.00156 0.00043
0.13038 -0.00098 0.00042
0.13038 -0.00037 0.0004
0.13038 0.00025 0.00036
0.13038 0.00089 0.00031
0.13038 0.00155 0.00025
0.13038 0.00223 0.00018
0.13038 0.00292 0.0001
0.13038 0.00362 1e-05
0.13038 0.00432 -7e-05
0.13038 0.00501 -0.00017
0.13038 0.00569 -0.00028
0.13038 0.00636 -0.00038
0.13038 0.00702 -0.0005
0.13038 0.00765 -0.00061
0.13038 0.00826 -0.00073
0.13038 0.00884 -0.00084
0.13038 0.00939 -0.00095
0.13038 0.0099 -0.00106
0.13038 0.01038 -0.00117
0.13038 0.01081 -0.00127
0.13038 0.0112 -0.00136
0.13038 0.01154 -0.00144
0.13038 0.01183 -0.00151
0.13038 0.01208 -0.00157
0.13038 0.01227 -0.00162
0.13038 0.01241 -0.00166
0.13038 0.01249 -0.00168
0.13038 0.01252 -0.00169
