0.11937 0.01484 -0.00215
0.11937 0.01481 -0.00214
0.11937 0.01472 -0.0021
0.11937 0.01456 -0.00203
0.11937 0.01435 -0.00193
0.11937 0.01408 -0.00182
0.11937 0.01375 -0.00167
0.11937 0.01336 -0.00151
0.11937 0.01292 -0.00133
0.11937 0.01243 -0.00114
0.11937 0.01188 -0.00093
0.11937 0.01129 -0.00071
0.11937 0.01066 -0.00048
0.11937 0.00999 -0.00025
0.11937 0.00928 -1e-05
0.11937 0.00855 0.00021
0.11937 0.00778 0.00044
0.11937 0.00699 0.00066
0.11937 0.00618 0.00087
0.11937 0.00536 0.00107
0.11937 0.00453 0.00126
0.11937 0.0037 0.00144
0.11937 0.00287 0.00159
0.11937 0.00204 0.00173
0.11937 0.00122 0.00184
0.11937 0.00041 0.00192
0.11937 -0.00036 0.00197
0.11937 -0.00112 0.00199
0.11937 -0.00184 0.00198
0.11937 -0.00253 0.00195
0.11937 -0.00317 0.0019
0.11937 -0.00376 0.00182
0.11937 -0.0043 0.00174
0.11937 -0.00478 0.00164
0.11937 -0.0052 0.00154
0.11937 -0.00556 0.00143
0.11937 -0.00586 0.00132
0.11937 -0.00608 0.00121
0.11937 -0.00624 0.00111
0.11937 -0.00633 0.00102
0.11937 -0.00636 0.00093
0.11937 -0.00631 0.00085
0.11937 -0.0062 0.00078
0.11937 -0.00602 0.00072
0.11937 -0.00577 0.00068
0.11937 -0.00547 0.00065
0.11937 -0.0051 0.00062
0.11937 -0.00468 0.0006
0.11937 -0.00421 0.00059
0.11937 -0.00368 0.00058
0.11937 -0.00311 0.00057
0.11937 -0.0025 0.00056
0.11937 -0.00184 0.00054
0.11937 -0.00116 0.00051
0.11937 -0.00044 0.00048
0.11937 0.0003 0.00043
0.11937 0.00106 0.00036
0.11937 0.00185 0.00028
0.11937 0.00265 0.00018
0.11937 0.00347 7e-05
0.11937 0.0043 -3e-05
0.11937 0.00512 -0.00015
0.11937 0.00594 -0.00028
0.11937 0.00675 -0.00041
0.11937 0.00755 -0.00055
0.11937 0.00832 -0.00069
0.11937 0.00907 -0.00084
0.11937 0.00979 -0.00098
0.11937 0.01048 -0.00113
0.11937 0.01113 -0.00127
0.11937 0.01174 -0.00141
0.11937 0.0123 -0.00154
0.11937 0.01281 -0.00166
0.11937 0.01327 -0.00178
0.11937 0.01368 -0.00188
0.11937 0.01403 -0.00197
0.11937 0.01431 -0.00204
0.11937 0.01454 -0.0021
0.11937 0.0147 -0.00215
0.11937 0.0148 -0.00217
0.11937 0.01483 -0.00218
