0.09736 0.01541 -0.00274
0.09736 0.01538 -0.00273
0.09736 0.01529 -0.00268
0.09736 0.01513 -0.00261
0.09736 0.01491 -0.0025
0.09736 0.01463 -0.00237
0.09736 0.01429 -0.00221
0.09736 0.01389 -0.00203
0.09736 0.01344 -0.00182
0.09736 0.01293 -0.0016
0.09736 0.01237 -0.00137
0.09736 0.01176 -0.00112
0.09736 0.01111 -0.00086
0.09736 0.01042 -0.00059
0.09736 0.00969 -0.00033
0.09736 0.00893 -6e-05
0.09736 0.00813 0.00019
0.09736 0.00732 0.00045
0.09736 0.00648 0.0007
0.09736 0.00563 0.00094
0.09736 0.00477 0.00117
0.09736 0.00391 0.00137
0.09736 0.00305 0.00157
0.09736 0.00219 0.00174
0.09736 0.00134 0.00188
0.09736 0.0005 0.00199
0.09736 -0.00031 0.00207
0.09736 -0.0011 0.00211
0.09736 -0.00186 0.00213
0.09736 -0.00257 0.00212
0.09736 -0.00324 0.00208
0.09736 -0.00386 0.00203
0.09736 -0.00443 0.00196
0.09736 -0.00493 0.00187
0.09736 -0.00538 0.00178
0.09736 -0.00576 0.00168
0.09736 -0.00607 0.00158
0.09736 -0.00631 0.00147
0.09736 -0.00648 0.00137
0.09736 -0.00658 0.00127
0.09736 -0.0066 0.00118
0.09736 -0.00655 0.00109
0.09736 -0.00644 0.00102
0.09736 -0.00625 0.00096
0.09736 -0.006 0.0009
0.09736 -0.00568 0.00086
0.09736 -0.0053 0.00082
0.09736 -0.00487 0.00079
0.09736 -0.00437 0.00076
0.09736 -0.00382 0.00073
0.09736 -0.00323 0.0007
0.09736 -0.00259 0.00066
0.09736 -0.00191 0.00062
0.09736 -0.00119 0.00057
0.09736 -0.00044 0.00051
0.09736 0.00033 0.00043
0.09736 0.00112 0.00034
0.09736 0.00194 0.00023
0.09736 0.00278 0.0001
0.09736 0.00363 -3e-05
0.09736 0.00448 -0.00018
0.09736 0.00534 -0.00033
0.09736 0.00619 -0.00049
0.09736 0.00703 -0.00066
0.09736 0.00786 -0.00083
0.09736 0.00866 -0.001
0.09736 0.00944 -0.00118
0.09736 0.01019 -0.00135
0.09736 0.0109 -0.00153
0.09736 0.01157 -0.0017
0.09736 0.0122 -0.00186
0.09736 0.01278 -0.00202
0.09736 0.01331 -0.00217
0.09736 0.01379 -0.0023
0.09736 0.01421 -0.00242
0.09736 0.01457 -0.00253
0.09736 0.01487 -0.00261
0.09736 0.0151 -0.00268
0.09736 0.01527 -0.00273
0.09736 0.01537 -0.00276
0.09736 0.01541 -0.00278
