0.9990133642141358 0.0045414534412093754
0.996057350657239 0.005256589461391958
0.9911436253643444 0.006445693747384851
0.9842915805643155 0.008103829019744935
0.9755282581475768 0.010222684574060004
0.9648882429441257 0.012789417501302469
0.9524135262330098 0.01578547074932296
0.9381533400219317 0.019185543227486168
0.9221639627510075 0.02295687299943333
0.9045084971874737 0.027058959679739314
0.8852566213878947 0.031443800806861905
0.8644843137107059 0.03605665567507865
0.8422735529643444 0.04083728664652492
0.8187119948743449 0.04572157043958838
0.7938926261462365 0.05064332772230719
0.7679133974894985 0.055536194315966084
0.7408768370508575 0.06033535483737908
0.7128896457825363 0.0649789802359881
0.684062276342339 0.06940925201569896
0.6545084971874737 0.07357291287496528
0.6243449435824274 0.07742134885576407
0.5936906572928623 0.08091027343673143
0.5626666167821521 0.08399914072052829
0.5313952597646567 0.08665045522345902
0.49999999999999994 0.08882916393239682
0.4686047402353434 0.09050230906935681
0.43733338321784787 0.09163908734891565
0.40630934270713776 0.09221140660591295
0.37565505641757263 0.09219495961602564
0.3454915028125263 0.09157075609966632
0.31593772365766104 0.09032697696882672
0.28711035421746367 0.08846094969605006
0.2591231629491424 0.08598099908566693
0.23208660251050173 0.08290791042483202
0.20610737385376343 0.07927575571030429
0.18128800512565513 0.07513187857734968
0.1577264470356557 0.07053590621665878
0.13551568628929422 0.06555775008369204
0.11474337861210543 0.06027466201439259
0.09549150281252627 0.05476751721499843
0.07783603724899246 0.04911658880337166
0.06184665997806821 0.04339714933104047
0.04758647376699021 0.0376752743149287
0.035111757055874326 0.03200422571132089
0.024471741852423234 0.026421757771886847
0.015708419435684462 0.020948616250889885
0.00885637463565564 0.015588400838376123
0.003942649342761062 0.010328839642408213
0.0009866357858642205 0.005144395511803774
0.0 0.0
0.0 0.0
0.0009866357858642205 -0.002416591489045396
0.003942649342761062 -0.004696019226335779
0.00885637463565564 -0.006710283814860475
0.015708419435684462 -0.00834892455555429
0.024471741852423234 -0.009525892157636636
0.03511175705587427 -0.010184356629609464
0.04758647376699021 -0.010299089875799104
0.06184665997806821 -0.009876298062410156
0.0778360372489924 -0.008951022417804629
0.09549150281252627 -0.007582453429149258
0.11474337861210543 -0.005847689194876331
0.13551568628929422 -0.0038345954664284402
0.1577264470356557 -0.0016344807787608492
0.18128800512565507 0.0006647190115587822
0.20610737385376343 0.002984142359828921
0.23208660251050173 0.005258134427423711
0.25912316294914234 0.007436545094881875
0.28711035421746356 0.009485137074099488
0.31593772365766104 0.01138425413135407
0.3454915028125263 0.013126078537866398
0.37565505641757263 0.014710940788171395
0.40630934270713776 0.01614322021724701
0.43733338321784787 0.01742738620463373
0.46860474023534326 0.018564677457495064
0.49999999999999994 0.01955080983890235
0.5313952597646567 0.020374955772991105
0.5626666167821521 0.021020069018086222
0.5936906572928622 0.02146445808054999
0.6243449435824274 0.02168435976775558
0.6545084971874737 0.021657148544598076
0.6840622763423391 0.021364749897529053
0.7128896457825363 0.020796813157067523
0.7408768370508575 0.019953240829790386
0.7679133974894983 0.018845760616630486
0.7938926261462365 0.01749835062413435
0.8187119948743447 0.0159464716056405
0.8422735529643444 0.014235204358224951
0.8644843137107059 0.012416517991064191
0.8852566213878945 0.010545990530387628
0.9045084971874737 0.008679356397658378
0.9221639627510075 0.006869260387897258
0.9381533400219317 0.005162555651114564
0.9524135262330098 0.0035984004620988053
0.9648882429441257 0.002207296796170488
0.9755282581475768 0.0010110878552431757
0.9842915805643155 2.3808133521319164e-05
0.9911436253643444 -0.000746825799897266
0.9960573506572389 -0.001297569648456287
0.9990133642141358 -0.0016277703208775751
