NACA 3408 
  1.000084  0.000836
  0.998556  0.001133
  0.993983  0.002019
  0.986391  0.003477
  0.975824  0.005478
  0.962342  0.007985
  0.946026  0.010950
  0.926970  0.014320
  0.905286  0.018033
  0.881103  0.022024
  0.854564  0.026224
  0.825828  0.030563
  0.795068  0.034969
  0.762468  0.039371
  0.728227  0.043698
  0.692553  0.047881
  0.655665  0.051856
  0.617787  0.055558
  0.579155  0.058928
  0.540008  0.061911
  0.500588  0.064455
  0.461143  0.066517
  0.421921  0.068059
  0.383032  0.069020
  0.344680  0.069151
  0.307289  0.068412
  0.271107  0.066830
  0.236373  0.064448
  0.203317  0.061326
  0.172157  0.057539
  0.143097  0.053176
  0.116324  0.048333
  0.092009  0.043115
  0.070303  0.037632
  0.051339  0.031992
  0.035229  0.026299
  0.022065  0.020652
  0.011918  0.015136
  0.004841  0.009822
  0.000864  0.004765
  0.000000  0.000000
  0.002219 -0.004303
  0.007471 -0.007989
  0.015712 -0.011063
  0.026879 -0.013535
  0.040892 -0.015424
  0.057655 -0.016756
  0.077057 -0.017564
  0.098974 -0.017887
  0.123270 -0.017775
  0.149796 -0.017284
  0.178395 -0.016477
  0.208898 -0.015424
  0.241129 -0.014198
  0.274903 -0.012878
  0.310028 -0.011541
  0.346303 -0.010265
  0.383522 -0.009125
  0.421644 -0.008138
  0.460397 -0.007133
  0.499412 -0.006122
  0.538452 -0.005141
  0.577279 -0.004222
  0.615658 -0.003386
  0.653352 -0.002652
  0.690130 -0.002028
  0.725763 -0.001519
  0.760030 -0.001121
  0.792718 -0.000828
  0.823620 -0.000628
  0.852543 -0.000509
  0.879303 -0.000456
  0.903731 -0.000454
  0.925671 -0.000489
  0.944981 -0.000546
  0.961537 -0.000614
  0.975233 -0.000684
  0.985979 -0.000746
  0.993705 -0.000794
  0.998361 -0.000825
  0.999916 -0.000836