0.04381 0.02069 -0.00562
0.04381 0.02065 -0.0056
0.04381 0.02052 -0.00552
0.04381 0.02031 -0.00538
0.04381 0.02001 -0.00519
0.04381 0.01963 -0.00496
0.04381 0.01917 -0.00468
0.04381 0.01863 -0.00435
0.04381 0.01801 -0.00399
0.04381 0.01732 -0.00359
0.04381 0.01655 -0.00316
0.04381 0.01572 -0.00271
0.04381 0.01483 -0.00224
0.04381 0.01388 -0.00175
0.04381 0.01288 -0.00126
0.04381 0.01183 -0.00076
0.04381 0.01074 -0.00026
0.04381 0.00961 0.00022
0.04381 0.00846 0.0007
0.04381 0.00728 0.00117
0.04381 0.00608 0.00162
0.04381 0.00488 0.00204
0.04381 0.00368 0.00243
0.04381 0.00248 0.0028
0.04381 0.00128 0.00312
0.04381 9e-05 0.00338
0.04381 -0.00106 0.0036
0.04381 -0.00218 0.00376
0.04381 -0.00326 0.00387
0.04381 -0.00428 0.00393
0.04381 -0.00525 0.00395
0.04381 -0.00615 0.00394
0.04381 -0.00697 0.00388
0.04381 -0.00771 0.0038
0.04381 -0.00836 0.0037
0.04381 -0.00893 0.00357
0.04381 -0.00939 0.00344
0.04381 -0.00976 0.00329
0.04381 -0.01002 0.00313
0.04381 -0.01018 0.00296
0.04381 -0.01024 0.0028
0.04381 -0.01027 0.00265
0.04381 -0.01019 0.00251
0.04381 -0.01 0.00238
0.04381 -0.00971 0.00226
0.04381 -0.00932 0.00213
0.04381 -0.00883 0.00201
0.04381 -0.00823 0.00188
0.04381 -0.00755 0.00176
0.04381 -0.00678 0.00162
0.04381 -0.00593 0.00148
0.04381 -0.005 0.00133
0.04381 -0.004 0.00116
0.04381 -0.00294 0.00098
0.04381 -0.00183 0.00077
0.04381 -0.00067 0.00055
0.04381 0.0005 0.0003
0.04381 0.00172 2e-05
0.04381 0.00294 -0.00026
0.04381 0.00417 -0.00057
0.04381 0.0054 -0.00088
0.04381 0.00663 -0.0012
0.04381 0.00784 -0.00153
0.04381 0.00904 -0.00186
0.04381 0.01021 -0.00219
0.04381 0.01135 -0.00252
0.04381 0.01244 -0.00286
0.04381 0.01349 -0.00318
0.04381 0.01449 -0.0035
0.04381 0.01542 -0.00381
0.04381 0.0163 -0.0041
0.04381 0.0171 -0.00438
0.04381 0.01783 -0.00464
0.04381 0.01849 -0.00487
0.04381 0.01906 -0.00508
0.04381 0.01955 -0.00526
0.04381 0.01995 -0.00541
0.04381 0.02027 -0.00553
0.04381 0.0205 -0.00561
0.04381 0.02063 -0.00567
0.04381 0.02068 -0.00568
