0.02 0.00794 -7e-05
0.02 0.00792 -6e-05
0.02 0.00784 -3e-05
0.02 0.00773 2e-05
0.02 0.00756 9e-05
0.02 0.00736 0.00018
0.02 0.0071 0.00029
0.02 0.00681 0.00041
0.02 0.00647 0.00055
0.02 0.0061 0.00069
0.02 0.00569 0.00085
0.02 0.00524 0.00101
0.02 0.00477 0.00117
0.02 0.00426 0.00134
0.02 0.00373 0.0015
0.02 0.00317 0.00166
0.02 0.0026 0.00181
0.02 0.00201 0.00195
0.02 0.0014 0.00209
0.02 0.00079 0.0022
0.02 0.00018 0.00231
0.02 -0.00043 0.00239
0.02 -0.00104 0.00246
0.02 -0.00166 0.00251
0.02 -0.00226 0.00253
0.02 -0.00285 0.00251
0.02 -0.00342 0.00247
0.02 -0.00397 0.00239
0.02 -0.00449 0.00229
0.02 -0.00499 0.00216
0.02 -0.00544 0.00201
0.02 -0.00587 0.00185
0.02 -0.00625 0.00167
0.02 -0.00659 0.00147
0.02 -0.00688 0.00127
0.02 -0.00714 0.00107
0.02 -0.00734 0.00087
0.02 -0.00749 0.00067
0.02 -0.0076 0.00047
0.02 -0.00766 0.00028
0.02 -0.00767 0.0001
0.02 -0.00766 -6e-05
0.02 -0.00761 -0.00021
0.02 -0.00751 -0.00034
0.02 -0.00736 -0.00045
0.02 -0.00716 -0.00054
0.02 -0.00691 -0.00061
0.02 -0.00662 -0.00067
0.02 -0.00628 -0.00071
0.02 -0.0059 -0.00073
0.02 -0.00548 -0.00074
0.02 -0.00503 -0.00074
0.02 -0.00454 -0.00073
0.02 -0.00401 -0.00071
0.02 -0.00347 -0.00069
0.02 -0.0029 -0.00066
0.02 -0.0023 -0.00062
0.02 -0.0017 -0.00059
0.02 -0.00109 -0.00056
0.02 -0.00047 -0.00053
0.02 0.00014 -0.00049
0.02 0.00076 -0.00045
0.02 0.00137 -0.00041
0.02 0.00198 -0.00038
0.02 0.00257 -0.00034
0.02 0.00315 -0.00031
0.02 0.0037 -0.00028
0.02 0.00424 -0.00026
0.02 0.00475 -0.00023
0.02 0.00523 -0.00022
0.02 0.00567 -0.0002
0.02 0.00609 -0.00018
0.02 0.00646 -0.00017
0.02 0.0068 -0.00016
0.02 0.0071 -0.00016
0.02 0.00735 -0.00015
0.02 0.00756 -0.00014
0.02 0.00773 -0.00014
0.02 0.00784 -0.00014
0.02 0.00791 -0.00014
0.02 0.00794 -0.00014
