0.01523 0.00736 3e-05
0.01523 0.00734 4e-05
0.01523 0.00727 7e-05
0.01523 0.00716 0.00012
0.01523 0.00701 0.00018
0.01523 0.00681 0.00027
0.01523 0.00657 0.00037
0.01523 0.00629 0.00048
0.01523 0.00597 0.00061
0.01523 0.00562 0.00074
0.01523 0.00523 0.00089
0.01523 0.00481 0.00103
0.01523 0.00435 0.00119
0.01523 0.00387 0.00134
0.01523 0.00337 0.00149
0.01523 0.00284 0.00163
0.01523 0.0023 0.00177
0.01523 0.00174 0.0019
0.01523 0.00117 0.00202
0.01523 0.00059 0.00213
0.01523 1e-05 0.00222
0.01523 -0.00056 0.00229
0.01523 -0.00114 0.00235
0.01523 -0.00172 0.00239
0.01523 -0.00229 0.0024
0.01523 -0.00285 0.00238
0.01523 -0.00339 0.00233
0.01523 -0.0039 0.00225
0.01523 -0.0044 0.00214
0.01523 -0.00486 0.00202
0.01523 -0.00529 0.00187
0.01523 -0.00568 0.0017
0.01523 -0.00604 0.00152
0.01523 -0.00636 0.00134
0.01523 -0.00664 0.00114
0.01523 -0.00687 0.00094
0.01523 -0.00706 0.00074
0.01523 -0.0072 0.00055
0.01523 -0.0073 0.00036
0.01523 -0.00736 0.00017
0.01523 -0.00736 0.0
0.01523 -0.00736 -0.00016
0.01523 -0.0073 -0.0003
0.01523 -0.0072 -0.00043
0.01523 -0.00706 -0.00053
0.01523 -0.00687 -0.00062
0.01523 -0.00664 -0.00069
0.01523 -0.00636 -0.00074
0.01523 -0.00604 -0.00078
0.01523 -0.00568 -0.0008
0.01523 -0.00529 -0.00081
0.01523 -0.00486 -0.00081
0.01523 -0.0044 -0.00079
0.01523 -0.0039 -0.00077
0.01523 -0.00339 -0.00074
0.01523 -0.00285 -0.0007
0.01523 -0.00229 -0.00066
0.01523 -0.00172 -0.00062
0.01523 -0.00114 -0.00059
0.01523 -0.00056 -0.00054
0.01523 1e-05 -0.0005
0.01523 0.00059 -0.00045
0.01523 0.00117 -0.00041
0.01523 0.00174 -0.00036
0.01523 0.0023 -0.00032
0.01523 0.00284 -0.00028
0.01523 0.00337 -0.00024
0.01523 0.00387 -0.00021
0.01523 0.00435 -0.00018
0.01523 0.00481 -0.00015
0.01523 0.00523 -0.00013
0.01523 0.00562 -0.00011
0.01523 0.00597 -9e-05
0.01523 0.00629 -7e-05
0.01523 0.00657 -6e-05
0.01523 0.00681 -5e-05
0.01523 0.00701 -4e-05
0.01523 0.00716 -4e-05
0.01523 0.00727 -3e-05
0.01523 0.00734 -3e-05
0.01523 0.00736 -3e-05
