0.08636 0.01635 -0.00328
0.08636 0.01632 -0.00327
0.08636 0.01622 -0.00322
0.08636 0.01605 -0.00313
0.08636 0.01582 -0.00301
0.08636 0.01553 -0.00287
0.08636 0.01517 -0.00269
0.08636 0.01475 -0.00249
0.08636 0.01427 -0.00226
0.08636 0.01373 -0.00201
0.08636 0.01314 -0.00175
0.08636 0.0125 -0.00147
0.08636 0.01181 -0.00118
0.08636 0.01108 -0.00088
0.08636 0.01031 -0.00058
0.08636 0.00951 -0.00027
0.08636 0.00867 2e-05
0.08636 0.0078 0.00031
0.08636 0.00692 0.0006
0.08636 0.00602 0.00087
0.08636 0.00511 0.00113
0.08636 0.0042 0.00137
0.08636 0.00329 0.0016
0.08636 0.00237 0.0018
0.08636 0.00147 0.00197
0.08636 0.00057 0.00211
0.08636 -0.00028 0.00221
0.08636 -0.00112 0.00228
0.08636 -0.00193 0.00231
0.08636 -0.00269 0.00232
0.08636 -0.0034 0.0023
0.08636 -0.00407 0.00225
0.08636 -0.00467 0.00219
0.08636 -0.00521 0.00211
0.08636 -0.00569 0.00202
0.08636 -0.00609 0.00192
0.08636 -0.00642 0.00182
0.08636 -0.00668 0.00172
0.08636 -0.00687 0.00161
0.08636 -0.00697 0.00151
0.08636 -0.007 0.00141
0.08636 -0.00696 0.00132
0.08636 -0.00683 0.00124
0.08636 -0.00664 0.00117
0.08636 -0.00637 0.0011
0.08636 -0.00603 0.00105
0.08636 -0.00563 0.001
0.08636 -0.00516 0.00095
0.08636 -0.00464 0.00091
0.08636 -0.00405 0.00087
0.08636 -0.00342 0.00082
0.08636 -0.00274 0.00077
0.08636 -0.00202 0.00071
0.08636 -0.00125 0.00064
0.08636 -0.00046 0.00056
0.08636 0.00036 0.00046
0.08636 0.0012 0.00034
0.08636 0.00207 0.0002
0.08636 0.00296 4e-05
0.08636 0.00386 -0.00012
0.08636 0.00477 -0.00029
0.08636 0.00568 -0.00048
0.08636 0.00658 -0.00067
0.08636 0.00747 -0.00086
0.08636 0.00835 -0.00107
0.08636 0.0092 -0.00127
0.08636 0.01003 -0.00148
0.08636 0.01082 -0.00168
0.08636 0.01157 -0.00188
0.08636 0.01228 -0.00208
0.08636 0.01295 -0.00227
0.08636 0.01357 -0.00245
0.08636 0.01413 -0.00262
0.08636 0.01463 -0.00277
0.08636 0.01508 -0.00291
0.08636 0.01546 -0.00303
0.08636 0.01577 -0.00313
0.08636 0.01602 -0.00321
0.08636 0.0162 -0.00327
0.08636 0.0163 -0.00331
0.08636 0.01634 -0.00332
