0.04857 0.02271 -0.00706
0.04857 0.02267 -0.00703
0.04857 0.02253 -0.00694
0.04857 0.0223 -0.0068
0.04857 0.02199 -0.00659
0.04857 0.02159 -0.00633
0.04857 0.0211 -0.00602
0.04857 0.02053 -0.00566
0.04857 0.01988 -0.00526
0.04857 0.01915 -0.00482
0.04857 0.01834 -0.00435
0.04857 0.01746 -0.00384
0.04857 0.01652 -0.00332
0.04857 0.01552 -0.00278
0.04857 0.01446 -0.00222
0.04857 0.01335 -0.00166
0.04857 0.01219 -0.0011
0.04857 0.011 -0.00054
0.04857 0.00977 0.0
0.04857 0.00852 0.00052
0.04857 0.00726 0.00104
0.04857 0.00598 0.00153
0.04857 0.00471 0.00199
0.04857 0.00343 0.00242
0.04857 0.00215 0.0028
0.04857 0.00089 0.00313
0.04857 -0.00033 0.0034
0.04857 -0.00153 0.00362
0.04857 -0.00268 0.00379
0.04857 -0.00377 0.00391
0.04857 -0.0048 0.00398
0.04857 -0.00576 0.00401
0.04857 -0.00664 0.004
0.04857 -0.00743 0.00397
0.04857 -0.00813 0.0039
0.04857 -0.00873 0.00381
0.04857 -0.00922 0.0037
0.04857 -0.00961 0.00358
0.04857 -0.0099 0.00345
0.04857 -0.01007 0.00331
0.04857 -0.01013 0.00316
0.04857 -0.01015 0.00303
0.04857 -0.01006 0.00291
0.04857 -0.00986 0.00279
0.04857 -0.00955 0.00267
0.04857 -0.00912 0.00254
0.04857 -0.00859 0.00241
0.04857 -0.00796 0.00228
0.04857 -0.00722 0.00214
0.04857 -0.00639 0.00198
0.04857 -0.00548 0.00181
0.04857 -0.00449 0.00162
0.04857 -0.00342 0.00142
0.04857 -0.00229 0.00118
0.04857 -0.00111 0.00093
0.04857 0.00011 0.00064
0.04857 0.00138 0.00033
0.04857 0.00267 -1e-05
0.04857 0.00396 -0.00038
0.04857 0.00526 -0.00076
0.04857 0.00657 -0.00115
0.04857 0.00787 -0.00156
0.04857 0.00916 -0.00197
0.04857 0.01042 -0.00238
0.04857 0.01166 -0.0028
0.04857 0.01286 -0.00321
0.04857 0.01402 -0.00363
0.04857 0.01512 -0.00403
0.04857 0.01617 -0.00443
0.04857 0.01716 -0.00481
0.04857 0.01808 -0.00517
0.04857 0.01893 -0.00551
0.04857 0.0197 -0.00583
0.04857 0.02039 -0.00612
0.04857 0.02099 -0.00637
0.04857 0.02151 -0.00659
0.04857 0.02193 -0.00678
0.04857 0.02226 -0.00693
0.04857 0.0225 -0.00703
0.04857 0.02265 -0.00709
0.04857 0.02269 -0.00711
