0.02476 0.00952 -0.00043
0.02476 0.00949 -0.00042
0.02476 0.00941 -0.00038
0.02476 0.00928 -0.00032
0.02476 0.0091 -0.00023
0.02476 0.00886 -0.00012
0.02476 0.00858 0.0
0.02476 0.00824 0.00014
0.02476 0.00786 0.00031
0.02476 0.00744 0.00048
0.02476 0.00697 0.00067
0.02476 0.00647 0.00087
0.02476 0.00593 0.00107
0.02476 0.00535 0.00127
0.02476 0.00475 0.00147
0.02476 0.00411 0.00167
0.02476 0.00346 0.00186
0.02476 0.00279 0.00204
0.02476 0.0021 0.00221
0.02476 0.0014 0.00236
0.02476 0.0007 0.0025
0.02476 0.0 0.00262
0.02476 -0.0007 0.00272
0.02476 -0.0014 0.00279
0.02476 -0.00209 0.00283
0.02476 -0.00277 0.00284
0.02476 -0.00343 0.00281
0.02476 -0.00406 0.00275
0.02476 -0.00467 0.00266
0.02476 -0.00524 0.00254
0.02476 -0.00577 0.00239
0.02476 -0.00626 0.00223
0.02476 -0.00671 0.00204
0.02476 -0.0071 0.00185
0.02476 -0.00745 0.00164
0.02476 -0.00775 0.00143
0.02476 -0.00799 0.00122
0.02476 -0.00818 0.00101
0.02476 -0.00831 0.0008
0.02476 -0.00838 0.0006
0.02476 -0.0084 0.00041
0.02476 -0.0084 0.00023
0.02476 -0.00834 8e-05
0.02476 -0.00823 -5e-05
0.02476 -0.00806 -0.00017
0.02476 -0.00783 -0.00027
0.02476 -0.00755 -0.00035
0.02476 -0.00722 -0.00042
0.02476 -0.00683 -0.00047
0.02476 -0.0064 -0.0005
0.02476 -0.00592 -0.00053
0.02476 -0.00539 -0.00054
0.02476 -0.00483 -0.00054
0.02476 -0.00423 -0.00054
0.02476 -0.0036 -0.00053
0.02476 -0.00294 -0.00051
0.02476 -0.00226 -0.0005
0.02476 -0.00156 -0.00049
0.02476 -0.00086 -0.00049
0.02476 -0.00015 -0.00048
0.02476 0.00055 -0.00046
0.02476 0.00126 -0.00045
0.02476 0.00197 -0.00044
0.02476 0.00267 -0.00043
0.02476 0.00335 -0.00043
0.02476 0.00401 -0.00042
0.02476 0.00465 -0.00042
0.02476 0.00527 -0.00042
0.02476 0.00585 -0.00042
0.02476 0.0064 -0.00043
0.02476 0.00692 -0.00044
0.02476 0.00739 -0.00044
0.02476 0.00782 -0.00045
0.02476 0.00821 -0.00046
0.02476 0.00855 -0.00047
0.02476 0.00884 -0.00048
0.02476 0.00908 -0.00049
0.02476 0.00927 -0.00049
0.02476 0.00941 -0.0005
0.02476 0.00949 -0.0005
0.02476 0.00951 -0.0005
