0.03428 0.01482 -0.00232
0.03428 0.01479 -0.0023
0.03428 0.01468 -0.00225
0.03428 0.01451 -0.00215
0.03428 0.01426 -0.00201
0.03428 0.01395 -0.00185
0.03428 0.01357 -0.00165
0.03428 0.01313 -0.00142
0.03428 0.01262 -0.00116
0.03428 0.01205 -0.00088
0.03428 0.01143 -0.00058
0.03428 0.01076 -0.00027
0.03428 0.01003 5e-05
0.03428 0.00926 0.00038
0.03428 0.00844 0.00071
0.03428 0.00759 0.00105
0.03428 0.00671 0.00137
0.03428 0.0058 0.00169
0.03428 0.00487 0.002
0.03428 0.00392 0.00229
0.03428 0.00296 0.00256
0.03428 0.002 0.00281
0.03428 0.00104 0.00303
0.03428 8e-05 0.00323
0.03428 -0.00087 0.00338
0.03428 -0.00181 0.00349
0.03428 -0.00273 0.00356
0.03428 -0.00361 0.00358
0.03428 -0.00446 0.00356
0.03428 -0.00526 0.0035
0.03428 -0.00602 0.00341
0.03428 -0.00672 0.00328
0.03428 -0.00736 0.00313
0.03428 -0.00793 0.00297
0.03428 -0.00844 0.00278
0.03428 -0.00887 0.00259
0.03428 -0.00923 0.00238
0.03428 -0.00951 0.00218
0.03428 -0.00971 0.00197
0.03428 -0.00983 0.00177
0.03428 -0.00987 0.00157
0.03428 -0.00989 0.00139
0.03428 -0.00983 0.00123
0.03428 -0.00968 0.00108
0.03428 -0.00946 0.00095
0.03428 -0.00915 0.00083
0.03428 -0.00876 0.00073
0.03428 -0.0083 0.00063
0.03428 -0.00777 0.00055
0.03428 -0.00717 0.00047
0.03428 -0.0065 0.0004
0.03428 -0.00577 0.00033
0.03428 -0.00498 0.00027
0.03428 -0.00415 0.0002
0.03428 -0.00327 0.00012
0.03428 -0.00236 4e-05
0.03428 -0.00142 -4e-05
0.03428 -0.00045 -0.00014
0.03428 0.00051 -0.00025
0.03428 0.00149 -0.00036
0.03428 0.00248 -0.00048
0.03428 0.00346 -0.00059
0.03428 0.00443 -0.00072
0.03428 0.0054 -0.00084
0.03428 0.00634 -0.00097
0.03428 0.00725 -0.00109
0.03428 0.00813 -0.00122
0.03428 0.00898 -0.00135
0.03428 0.00978 -0.00148
0.03428 0.01054 -0.00161
0.03428 0.01125 -0.00173
0.03428 0.0119 -0.00184
0.03428 0.01249 -0.00195
0.03428 0.01302 -0.00205
0.03428 0.01349 -0.00214
0.03428 0.01389 -0.00221
0.03428 0.01422 -0.00228
0.03428 0.01448 -0.00233
0.03428 0.01466 -0.00237
0.03428 0.01477 -0.00239
0.03428 0.01481 -0.00239
