0.10286 0.01534 -0.00258
0.10286 0.01531 -0.00257
0.10286 0.01522 -0.00252
0.10286 0.01506 -0.00245
0.10286 0.01484 -0.00235
0.10286 0.01456 -0.00222
0.10286 0.01422 -0.00206
0.10286 0.01382 -0.00189
0.10286 0.01337 -0.00169
0.10286 0.01286 -0.00147
0.10286 0.0123 -0.00124
0.10286 0.0117 -0.001
0.10286 0.01105 -0.00075
0.10286 0.01036 -0.00049
0.10286 0.00963 -0.00024
0.10286 0.00887 1e-05
0.10286 0.00808 0.00027
0.10286 0.00727 0.00052
0.10286 0.00643 0.00076
0.10286 0.00559 0.00099
0.10286 0.00473 0.0012
0.10286 0.00387 0.0014
0.10286 0.00302 0.00158
0.10286 0.00216 0.00175
0.10286 0.00131 0.00188
0.10286 0.00047 0.00198
0.10286 -0.00033 0.00205
0.10286 -0.00111 0.00209
0.10286 -0.00186 0.0021
0.10286 -0.00257 0.00208
0.10286 -0.00324 0.00204
0.10286 -0.00386 0.00198
0.10286 -0.00442 0.0019
0.10286 -0.00492 0.00182
0.10286 -0.00536 0.00172
0.10286 -0.00573 0.00162
0.10286 -0.00604 0.00151
0.10286 -0.00628 0.0014
0.10286 -0.00645 0.0013
0.10286 -0.00655 0.0012
0.10286 -0.00657 0.00111
0.10286 -0.00652 0.00103
0.10286 -0.00641 0.00095
0.10286 -0.00622 0.00089
0.10286 -0.00597 0.00084
0.10286 -0.00566 0.0008
0.10286 -0.00528 0.00077
0.10286 -0.00484 0.00074
0.10286 -0.00435 0.00071
0.10286 -0.00381 0.00069
0.10286 -0.00321 0.00066
0.10286 -0.00258 0.00064
0.10286 -0.0019 0.0006
0.10286 -0.00119 0.00056
0.10286 -0.00044 0.0005
0.10286 0.00032 0.00044
0.10286 0.00111 0.00035
0.10286 0.00193 0.00025
0.10286 0.00276 0.00013
0.10286 0.00361 0.0
0.10286 0.00446 -0.00013
0.10286 0.00531 -0.00028
0.10286 0.00616 -0.00043
0.10286 0.00699 -0.00059
0.10286 0.00781 -0.00075
0.10286 0.00861 -0.00092
0.10286 0.00939 -0.00108
0.10286 0.01013 -0.00125
0.10286 0.01084 -0.00142
0.10286 0.01151 -0.00158
0.10286 0.01214 -0.00174
0.10286 0.01272 -0.00189
0.10286 0.01325 -0.00203
0.10286 0.01372 -0.00216
0.10286 0.01414 -0.00227
0.10286 0.0145 -0.00238
0.10286 0.0148 -0.00246
0.10286 0.01503 -0.00253
0.10286 0.0152 -0.00258
0.10286 0.0153 -0.0026
0.10286 0.01533 -0.00262
