0.10837 0.01534 -0.00245
0.10837 0.01531 -0.00244
0.10837 0.01522 -0.00239
0.10837 0.01506 -0.00232
0.10837 0.01484 -0.00222
0.10837 0.01456 -0.00209
0.10837 0.01422 -0.00194
0.10837 0.01382 -0.00177
0.10837 0.01336 -0.00157
0.10837 0.01286 -0.00136
0.10837 0.0123 -0.00114
0.10837 0.01169 -0.0009
0.10837 0.01104 -0.00066
0.10837 0.01035 -0.00041
0.10837 0.00962 -0.00015
0.10837 0.00886 9e-05
0.10837 0.00807 0.00034
0.10837 0.00725 0.00058
0.10837 0.00642 0.00081
0.10837 0.00557 0.00103
0.10837 0.00472 0.00124
0.10837 0.00386 0.00143
0.10837 0.003 0.00161
0.10837 0.00214 0.00176
0.10837 0.00129 0.00189
0.10837 0.00046 0.00198
0.10837 -0.00035 0.00205
0.10837 -0.00113 0.00208
0.10837 -0.00188 0.00208
0.10837 -0.00259 0.00206
0.10837 -0.00325 0.00201
0.10837 -0.00387 0.00195
0.10837 -0.00443 0.00187
0.10837 -0.00493 0.00177
0.10837 -0.00537 0.00167
0.10837 -0.00574 0.00157
0.10837 -0.00605 0.00146
0.10837 -0.00628 0.00135
0.10837 -0.00645 0.00125
0.10837 -0.00655 0.00115
0.10837 -0.00657 0.00105
0.10837 -0.00652 0.00097
0.10837 -0.00641 0.0009
0.10837 -0.00622 0.00084
0.10837 -0.00597 0.00079
0.10837 -0.00565 0.00075
0.10837 -0.00528 0.00072
0.10837 -0.00484 0.0007
0.10837 -0.00435 0.00068
0.10837 -0.00381 0.00066
0.10837 -0.00321 0.00064
0.10837 -0.00258 0.00061
0.10837 -0.0019 0.00059
0.10837 -0.00119 0.00055
0.10837 -0.00045 0.0005
0.10837 0.00031 0.00044
0.10837 0.00111 0.00036
0.10837 0.00192 0.00026
0.10837 0.00275 0.00015
0.10837 0.0036 2e-05
0.10837 0.00445 -0.0001
0.10837 0.00531 -0.00023
0.10837 0.00615 -0.00038
0.10837 0.00699 -0.00053
0.10837 0.00781 -0.00068
0.10837 0.00861 -0.00084
0.10837 0.00939 -0.001
0.10837 0.01013 -0.00116
0.10837 0.01084 -0.00132
0.10837 0.01151 -0.00148
0.10837 0.01214 -0.00163
0.10837 0.01272 -0.00178
0.10837 0.01325 -0.00192
0.10837 0.01372 -0.00204
0.10837 0.01414 -0.00215
0.10837 0.0145 -0.00225
0.10837 0.0148 -0.00233
0.10837 0.01503 -0.0024
0.10837 0.0152 -0.00244
0.10837 0.0153 -0.00247
0.10837 0.01533 -0.00248
