0.13588 0.01037 -0.00132
0.13588 0.01035 -0.00131
0.13588 0.01029 -0.00128
0.13588 0.01018 -0.00124
0.13588 0.01003 -0.00117
0.13588 0.00984 -0.00109
0.13588 0.00961 -0.001
0.13588 0.00934 -0.00089
0.13588 0.00903 -0.00077
0.13588 0.00868 -0.00064
0.13588 0.0083 -0.0005
0.13588 0.00789 -0.00035
0.13588 0.00744 -0.0002
0.13588 0.00697 -5e-05
0.13588 0.00647 9e-05
0.13588 0.00596 0.00025
0.13588 0.00542 0.0004
0.13588 0.00487 0.00054
0.13588 0.0043 0.00068
0.13588 0.00373 0.00081
0.13588 0.00315 0.00093
0.13588 0.00256 0.00105
0.13588 0.00198 0.00115
0.13588 0.0014 0.00123
0.13588 0.00083 0.0013
0.13588 0.00026 0.00134
0.13588 -0.00028 0.00137
0.13588 -0.0008 0.00137
0.13588 -0.00131 0.00136
0.13588 -0.00178 0.00133
0.13588 -0.00223 0.00128
0.13588 -0.00264 0.00122
0.13588 -0.00302 0.00116
0.13588 -0.00335 0.00109
0.13588 -0.00365 0.00101
0.13588 -0.0039 0.00093
0.13588 -0.0041 0.00085
0.13588 -0.00426 0.00077
0.13588 -0.00437 0.0007
0.13588 -0.00443 0.00063
0.13588 -0.00444 0.00057
0.13588 -0.00441 0.00051
0.13588 -0.00433 0.00047
0.13588 -0.0042 0.00043
0.13588 -0.00403 0.0004
0.13588 -0.00382 0.00038
0.13588 -0.00357 0.00037
0.13588 -0.00327 0.00036
0.13588 -0.00294 0.00036
0.13588 -0.00257 0.00036
0.13588 -0.00218 0.00036
0.13588 -0.00175 0.00036
0.13588 -0.00129 0.00035
0.13588 -0.00081 0.00034
0.13588 -0.00031 0.00032
0.13588 0.0002 0.0003
0.13588 0.00074 0.00026
0.13588 0.00128 0.00022
0.13588 0.00185 0.00016
0.13588 0.00242 9e-05
0.13588 0.003 2e-05
0.13588 0.00357 -4e-05
0.13588 0.00415 -0.00012
0.13588 0.00471 -0.0002
0.13588 0.00527 -0.00029
0.13588 0.00581 -0.00038
0.13588 0.00634 -0.00047
0.13588 0.00684 -0.00056
0.13588 0.00732 -0.00066
0.13588 0.00778 -0.00075
0.13588 0.0082 -0.00084
0.13588 0.0086 -0.00092
0.13588 0.00896 -0.001
0.13588 0.00928 -0.00108
0.13588 0.00956 -0.00114
0.13588 0.0098 -0.0012
0.13588 0.01001 -0.00125
0.13588 0.01016 -0.00129
0.13588 0.01028 -0.00132
0.13588 0.01035 -0.00133
0.13588 0.01037 -0.00134
