0.05333 0.02348 -0.00766
0.05333 0.02343 -0.00763
0.05333 0.0233 -0.00753
0.05333 0.02307 -0.00738
0.05333 0.02275 -0.00717
0.05333 0.02234 -0.0069
0.05333 0.02184 -0.00658
0.05333 0.02126 -0.00621
0.05333 0.02059 -0.00579
0.05333 0.01985 -0.00533
0.05333 0.01903 -0.00484
0.05333 0.01813 -0.00432
0.05333 0.01717 -0.00377
0.05333 0.01615 -0.00321
0.05333 0.01506 -0.00263
0.05333 0.01393 -0.00205
0.05333 0.01275 -0.00146
0.05333 0.01153 -0.00088
0.05333 0.01028 -0.00031
0.05333 0.00901 0.00024
0.05333 0.00772 0.00078
0.05333 0.00641 0.00129
0.05333 0.00511 0.00178
0.05333 0.00381 0.00224
0.05333 0.0025 0.00265
0.05333 0.00121 0.003
0.05333 -4e-05 0.0033
0.05333 -0.00126 0.00355
0.05333 -0.00244 0.00374
0.05333 -0.00356 0.00388
0.05333 -0.00461 0.00397
0.05333 -0.00559 0.00402
0.05333 -0.00649 0.00403
0.05333 -0.0073 0.00401
0.05333 -0.00801 0.00396
0.05333 -0.00863 0.00388
0.05333 -0.00913 0.00379
0.05333 -0.00953 0.00368
0.05333 -0.00982 0.00356
0.05333 -0.00999 0.00343
0.05333 -0.01005 0.00329
0.05333 -0.01 0.00315
0.05333 -0.00984 0.003
0.05333 -0.00956 0.00287
0.05333 -0.00918 0.00273
0.05333 -0.00869 0.00259
0.05333 -0.00811 0.00244
0.05333 -0.00743 0.0023
0.05333 -0.00666 0.00214
0.05333 -0.00581 0.00198
0.05333 -0.00489 0.0018
0.05333 -0.0039 0.00161
0.05333 -0.00284 0.00139
0.05333 -0.00173 0.00116
0.05333 -0.00058 0.0009
0.05333 0.00061 0.00061
0.05333 0.00183 0.00029
0.05333 0.00308 -5e-05
0.05333 0.00436 -0.00044
0.05333 0.00566 -0.00084
0.05333 0.00697 -0.00126
0.05333 0.00827 -0.00169
0.05333 0.00957 -0.00212
0.05333 0.01084 -0.00257
0.05333 0.01209 -0.00301
0.05333 0.01331 -0.00346
0.05333 0.01449 -0.00391
0.05333 0.01562 -0.00434
0.05333 0.01669 -0.00477
0.05333 0.01771 -0.00519
0.05333 0.01865 -0.00558
0.05333 0.01953 -0.00595
0.05333 0.02033 -0.0063
0.05333 0.02104 -0.00661
0.05333 0.02167 -0.00689
0.05333 0.02221 -0.00713
0.05333 0.02265 -0.00733
0.05333 0.023 -0.00749
0.05333 0.02325 -0.00761
0.05333 0.0234 -0.00768
0.05333 0.02346 -0.0077
