0.14689 0.00406 0.0
0.14689 0.00405 0.0
0.14689 0.00402 1e-05
0.14689 0.00398 2e-05
0.14689 0.00392 4e-05
0.14689 0.00384 6e-05
0.14689 0.00375 8e-05
0.14689 0.00364 0.00011
0.14689 0.00351 0.00014
0.14689 0.00337 0.00018
0.14689 0.00322 0.00021
0.14689 0.00305 0.00025
0.14689 0.00287 0.00028
0.14689 0.00268 0.00032
0.14689 0.00248 0.00035
0.14689 0.00228 0.00039
0.14689 0.00206 0.00042
0.14689 0.00184 0.00045
0.14689 0.00162 0.00047
0.14689 0.00139 0.00049
0.14689 0.00116 0.00051
0.14689 0.00093 0.00053
0.14689 0.0007 0.00054
0.14689 0.00048 0.00054
0.14689 0.00025 0.00054
0.14689 3e-05 0.00053
0.14689 -0.00017 0.00051
0.14689 -0.00037 0.00049
0.14689 -0.00057 0.00045
0.14689 -0.00075 0.00042
0.14689 -0.00092 0.00038
0.14689 -0.00108 0.00034
0.14689 -0.00122 0.00029
0.14689 -0.00134 0.00025
0.14689 -0.00145 0.0002
0.14689 -0.00154 0.00016
0.14689 -0.00162 0.00012
0.14689 -0.00167 8e-05
0.14689 -0.00171 5e-05
0.14689 -0.00173 2e-05
0.14689 -0.00174 0.0
0.14689 -0.00172 -1e-05
0.14689 -0.00169 -3e-05
0.14689 -0.00164 -4e-05
0.14689 -0.00157 -4e-05
0.14689 -0.00149 -4e-05
0.14689 -0.00139 -3e-05
0.14689 -0.00127 -2e-05
0.14689 -0.00115 0.0
0.14689 -0.00101 1e-05
0.14689 -0.00085 3e-05
0.14689 -0.00069 5e-05
0.14689 -0.00051 7e-05
0.14689 -0.00033 9e-05
0.14689 -0.00013 0.00011
0.14689 6e-05 0.00012
0.14689 0.00027 0.00014
0.14689 0.00048 0.00014
0.14689 0.0007 0.00015
0.14689 0.00092 0.00015
0.14689 0.00115 0.00015
0.14689 0.00138 0.00015
0.14689 0.0016 0.00015
0.14689 0.00182 0.00015
0.14689 0.00204 0.00014
0.14689 0.00225 0.00013
0.14689 0.00246 0.00013
0.14689 0.00266 0.00011
0.14689 0.00285 0.0001
0.14689 0.00303 9e-05
0.14689 0.0032 8e-05
0.14689 0.00335 6e-05
0.14689 0.00349 5e-05
0.14689 0.00362 4e-05
0.14689 0.00373 3e-05
0.14689 0.00383 2e-05
0.14689 0.00391 1e-05
0.14689 0.00397 0.0
0.14689 0.00402 0.0
0.14689 0.00405 0.0
0.14689 0.00406 0.0
