0.11387 0.01523 -0.00232
0.11387 0.01521 -0.0023
0.11387 0.01511 -0.00226
0.11387 0.01495 -0.00219
0.11387 0.01473 -0.00209
0.11387 0.01445 -0.00197
0.11387 0.01412 -0.00182
0.11387 0.01372 -0.00165
0.11387 0.01327 -0.00146
0.11387 0.01276 -0.00126
0.11387 0.01221 -0.00104
0.11387 0.0116 -0.00081
0.11387 0.01096 -0.00057
0.11387 0.01027 -0.00033
0.11387 0.00954 -8e-05
0.11387 0.00878 0.00015
0.11387 0.008 0.00039
0.11387 0.00719 0.00063
0.11387 0.00636 0.00085
0.11387 0.00552 0.00107
0.11387 0.00467 0.00127
0.11387 0.00381 0.00145
0.11387 0.00296 0.00162
0.11387 0.00211 0.00177
0.11387 0.00127 0.00189
0.11387 0.00044 0.00197
0.11387 -0.00036 0.00203
0.11387 -0.00114 0.00205
0.11387 -0.00188 0.00205
0.11387 -0.00258 0.00202
0.11387 -0.00324 0.00197
0.11387 -0.00385 0.0019
0.11387 -0.0044 0.00182
0.11387 -0.0049 0.00172
0.11387 -0.00534 0.00162
0.11387 -0.00571 0.00151
0.11387 -0.00601 0.0014
0.11387 -0.00624 0.00129
0.11387 -0.00641 0.00119
0.11387 -0.0065 0.00109
0.11387 -0.00652 0.001
0.11387 -0.00648 0.00091
0.11387 -0.00636 0.00084
0.11387 -0.00618 0.00079
0.11387 -0.00593 0.00074
0.11387 -0.00561 0.0007
0.11387 -0.00524 0.00067
0.11387 -0.00481 0.00065
0.11387 -0.00432 0.00064
0.11387 -0.00378 0.00062
0.11387 -0.00319 0.00061
0.11387 -0.00256 0.00059
0.11387 -0.00189 0.00057
0.11387 -0.00118 0.00053
0.11387 -0.00045 0.00049
0.11387 0.00031 0.00044
0.11387 0.0011 0.00036
0.11387 0.0019 0.00028
0.11387 0.00273 0.00017
0.11387 0.00357 5e-05
0.11387 0.00442 -6e-05
0.11387 0.00526 -0.00019
0.11387 0.00611 -0.00033
0.11387 0.00694 -0.00047
0.11387 0.00775 -0.00062
0.11387 0.00855 -0.00077
0.11387 0.00932 -0.00092
0.11387 0.01006 -0.00108
0.11387 0.01076 -0.00123
0.11387 0.01143 -0.00138
0.11387 0.01205 -0.00153
0.11387 0.01263 -0.00167
0.11387 0.01316 -0.0018
0.11387 0.01363 -0.00192
0.11387 0.01404 -0.00203
0.11387 0.0144 -0.00212
0.11387 0.01469 -0.0022
0.11387 0.01493 -0.00226
0.11387 0.01509 -0.00231
0.11387 0.01519 -0.00234
0.11387 0.01523 -0.00235
