NACA 6407 Airfoil M=6.0% P=40.0% T=7.0%
  1.000144  0.000721
  0.998627  0.001152
  0.994084  0.002438
  0.986541  0.004553
  0.976038  0.007454
  0.962635  0.011085
  0.946407  0.015373
  0.927444  0.020237
  0.905855  0.025583
  0.881762  0.031310
  0.855307  0.037312
  0.826642  0.043480
  0.795936  0.049703
  0.763371  0.055870
  0.729142  0.061874
  0.693455  0.067612
  0.656526  0.072987
  0.618582  0.077910
  0.579856  0.082298
  0.540590  0.086081
  0.501029  0.089198
  0.461423  0.091602
  0.422025  0.093256
  0.382849  0.094081
  0.344072  0.093609
  0.306266  0.091789
  0.269695  0.088706
  0.234612  0.084470
  0.201263  0.079218
  0.169875  0.073107
  0.140662  0.066312
  0.113816  0.059017
  0.089511  0.051416
  0.067897  0.043699
  0.049102  0.036053
  0.033234  0.028653
  0.020377  0.021656
  0.010593  0.015197
  0.003924  0.009387
  0.000393  0.004305
  0.000000  0.000000
  0.002690 -0.003382
  0.008387 -0.005722
  0.017037 -0.007051
  0.028567 -0.007422
  0.042886 -0.006903
  0.059891 -0.005583
  0.079463 -0.003563
  0.101472 -0.000960
  0.125778  0.002098
  0.152231  0.005471
  0.180677  0.009017
  0.210952  0.012586
  0.242889  0.016029
  0.276315  0.019198
  0.311050  0.021953
  0.346911  0.024163
  0.383706  0.025709
  0.421541  0.026585
  0.460118  0.027167
  0.498971  0.027469
  0.537869  0.027458
  0.576578  0.027115
  0.614863  0.026434
  0.652491  0.025421
  0.689229  0.024095
  0.724849  0.022484
  0.759128  0.020630
  0.791849  0.018580
  0.822806  0.016390
  0.851800  0.014117
  0.878644  0.011825
  0.903162  0.009574
  0.925196  0.007425
  0.944600  0.005435
  0.961244  0.003657
  0.975018  0.002135
  0.985829  0.000910
  0.993604  0.000011
  0.998290 -0.000537
  0.999856 -0.000721